79.0989417678,175.504285913,38.9532050626,0.625769562946,0.126288353766,1.37564473515,4.56338145493,0.319919583424,87.909552886
79.0989417678,163.313017569,38.9532050626,0.625769562946,0.126288353766,1.37564473515,4.56338145493,0.319919583424,87.5513373099
79.0989417678,163.313017569,185.507463164,0.625769562946,0.126288353766,1.37564473515,4.56338145493,0.319919583424,88.1571859386
79.0989417678,163.313017569,185.507463164,0.627538483833,0.126288353766,1.37564473515,4.56338145493,0.319919583424,87.8884184993
79.0989417678,163.313017569,185.507463164,0.627538483833,0.370990592936,1.37564473515,4.56338145493,0.319919583424,88.136952962
79.0989417678,163.313017569,185.507463164,0.627538483833,0.370990592936,88.4232023255,4.56338145493,0.319919583424,87.7924612373
79.0989417678,163.313017569,185.507463164,0.627538483833,0.370990592936,88.4232023255,57.561663173,0.319919583424,88.0804365766
79.0989417678,163.313017569,185.507463164,0.627538483833,0.370990592936,88.4232023255,57.561663173,0.302038054889,87.8444740635
25.706554721,163.313017569,185.507463164,0.627538483833,0.370990592936,88.4232023255,57.561663173,0.302038054889,88.3088389735
25.706554721,181.790443662,185.507463164,0.627538483833,0.370990592936,88.4232023255,57.561663173,0.302038054889,87.8205018369
25.706554721,181.790443662,179.02949519,0.627538483833,0.370990592936,88.4232023255,57.561663173,0.302038054889,87.9993230403
25.706554721,181.790443662,179.02949519,0.258030724071,0.370990592936,88.4232023255,57.561663173,0.302038054889,43.6799606321
25.706554721,181.790443662,179.02949519,0.258030724071,0.477319780397,88.4232023255,57.561663173,0.302038054889,44.5715619623
25.706554721,181.790443662,179.02949519,0.258030724071,0.477319780397,83.1335444822,57.561663173,0.302038054889,44.643734407
25.706554721,181.790443662,179.02949519,0.258030724071,0.477319780397,83.1335444822,56.4820384872,0.302038054889,45.5801746671
25.706554721,181.790443662,179.02949519,0.258030724071,0.477319780397,83.1335444822,56.4820384872,0.232941376997,42.890288304
11.7198984511,181.790443662,179.02949519,0.258030724071,0.477319780397,83.1335444822,56.4820384872,0.232941376997,38.2134481808
11.7198984511,166.400179116,179.02949519,0.258030724071,0.477319780397,83.1335444822,56.4820384872,0.232941376997,36.7196643371
11.7198984511,166.400179116,164.613880262,0.258030724071,0.477319780397,83.1335444822,56.4820384872,0.232941376997,37.5532925969
11.7198984511,166.400179116,164.613880262,0.0879113253098,0.477319780397,83.1335444822,56.4820384872,0.232941376997,3.15553347277
11.7198984511,166.400179116,164.613880262,0.0879113253098,0.158147792817,83.1335444822,56.4820384872,0.232941376997,3.23081917385
11.7198984511,166.400179116,164.613880262,0.0879113253098,0.158147792817,71.2182712877,56.4820384872,0.232941376997,3.1089756272
11.7198984511,166.400179116,164.613880262,0.0879113253098,0.158147792817,71.2182712877,72.7331628165,0.232941376997,3.11426889518
11.7198984511,166.400179116,164.613880262,0.0879113253098,0.158147792817,71.2182712877,72.7331628165,0.637640129778,3.33945874245
62.0476674781,166.400179116,164.613880262,0.0879113253098,0.158147792817,71.2182712877,72.7331628165,0.637640129778,1.39510894276
62.0476674781,132.199053423,164.613880262,0.0879113253098,0.158147792817,71.2182712877,72.7331628165,0.637640129778,1.42218978007
62.0476674781,132.199053423,155.431459623,0.0879113253098,0.158147792817,71.2182712877,72.7331628165,0.637640129778,1.42323079975
62.0476674781,132.199053423,155.431459623,0.761570787624,0.158147792817,71.2182712877,72.7331628165,0.637640129778,87.5865549179
62.0476674781,132.199053423,155.431459623,0.761570787624,0.0183931456509,71.2182712877,72.7331628165,0.637640129778,87.6485604712
62.0476674781,132.199053423,155.431459623,0.761570787624,0.0183931456509,33.7875852382,72.7331628165,0.637640129778,87.9382862219
62.0476674781,132.199053423,155.431459623,0.761570787624,0.0183931456509,33.7875852382,96.5344756509,0.637640129778,88.5481112966
62.0476674781,132.199053423,155.431459623,0.761570787624,0.0183931456509,33.7875852382,96.5344756509,0.573317826708,87.4006446057
70.1018930444,132.199053423,155.431459623,0.761570787624,0.0183931456509,33.7875852382,96.5344756509,0.573317826708,87.8395417843
70.1018930444,182.283206664,155.431459623,0.761570787624,0.0183931456509,33.7875852382,96.5344756509,0.573317826708,88.4307739446
70.1018930444,182.283206664,7.50666806288,0.761570787624,0.0183931456509,33.7875852382,96.5344756509,0.573317826708,87.2764754005
70.1018930444,182.283206664,7.50666806288,0.0786217309138,0.0183931456509,33.7875852382,96.5344756509,0.573317826708,3.27499948789
70.1018930444,182.283206664,7.50666806288,0.0786217309138,0.00448521459541,33.7875852382,96.5344756509,0.573317826708,1.32525224369
70.1018930444,182.283206664,7.50666806288,0.0786217309138,0.00448521459541,42.4406218958,96.5344756509,0.573317826708,1.30023577172
70.1018930444,182.283206664,7.50666806288,0.0786217309138,0.00448521459541,42.4406218958,63.2292298617,0.573317826708,1.40911152643
70.1018930444,182.283206664,7.50666806288,0.0786217309138,0.00448521459541,42.4406218958,63.2292298617,0.741256529096,1.50716530283
79.5848939706,182.283206664,7.50666806288,0.0786217309138,0.00448521459541,42.4406218958,63.2292298617,0.741256529096,1.39933775566
79.5848939706,124.394482548,7.50666806288,0.0786217309138,0.00448521459541,42.4406218958,63.2292298617,0.741256529096,1.32427296506
79.5848939706,124.394482548,123.810450153,0.0786217309138,0.00448521459541,42.4406218958,63.2292298617,0.741256529096,0.876427586873
79.5848939706,124.394482548,123.810450153,0.135619153535,0.00448521459541,42.4406218958,63.2292298617,0.741256529096,1.05202091171
79.5848939706,124.394482548,123.810450153,0.135619153535,0.231521321977,42.4406218958,63.2292298617,0.741256529096,1.56266596844
79.5848939706,124.394482548,123.810450153,0.135619153535,0.231521321977,35.7973102405,63.2292298617,0.741256529096,1.52212786215
79.5848939706,124.394482548,123.810450153,0.135619153535,0.231521321977,35.7973102405,71.3064953506,0.741256529096,1.51694738162
79.5848939706,124.394482548,123.810450153,0.135619153535,0.231521321977,35.7973102405,71.3064953506,0.946664475839,1.45358542219
15.4601240812,124.394482548,123.810450153,0.135619153535,0.231521321977,35.7973102405,71.3064953506,0.946664475839,4.73323487324
15.4601240812,2.31059637873,123.810450153,0.135619153535,0.231521321977,35.7973102405,71.3064953506,0.946664475839,0.0
15.4601240812,2.31059637873,181.538083304,0.135619153535,0.231521321977,35.7973102405,71.3064953506,0.946664475839,2.291688328
15.4601240812,2.31059637873,181.538083304,0.194092877041,0.231521321977,35.7973102405,71.3064953506,0.946664475839,0.0
15.4601240812,2.31059637873,181.538083304,0.194092877041,0.33268609943,35.7973102405,71.3064953506,0.946664475839,1.70798643
15.4601240812,2.31059637873,181.538083304,0.194092877041,0.33268609943,17.1281089317,71.3064953506,0.946664475839,4.72147690456
15.4601240812,2.31059637873,181.538083304,0.194092877041,0.33268609943,17.1281089317,26.8350907589,0.946664475839,0.0
15.4601240812,2.31059637873,181.538083304,0.194092877041,0.33268609943,17.1281089317,26.8350907589,0.830490369632,0.0
73.5439832889,2.31059637873,181.538083304,0.194092877041,0.33268609943,17.1281089317,26.8350907589,0.830490369632,20.3367115238
73.5439832889,31.4459125072,181.538083304,0.194092877041,0.33268609943,17.1281089317,26.8350907589,0.830490369632,7.19157678191
73.5439832889,31.4459125072,96.0246890431,0.194092877041,0.33268609943,17.1281089317,26.8350907589,0.830490369632,17.8969109473
73.5439832889,31.4459125072,96.0246890431,0.825044504859,0.33268609943,17.1281089317,26.8350907589,0.830490369632,88.5450121855
73.5439832889,31.4459125072,96.0246890431,0.825044504859,0.382129642615,17.1281089317,26.8350907589,0.830490369632,88.5364607508
73.5439832889,31.4459125072,96.0246890431,0.825044504859,0.382129642615,69.0725979151,26.8350907589,0.830490369632,87.6090786612
73.5439832889,31.4459125072,96.0246890431,0.825044504859,0.382129642615,69.0725979151,52.3693627908,0.830490369632,85.6482803249
73.5439832889,31.4459125072,96.0246890431,0.825044504859,0.382129642615,69.0725979151,52.3693627908,0.264034838731,88.7957672149
68.8333085262,31.4459125072,96.0246890431,0.825044504859,0.382129642615,69.0725979151,52.3693627908,0.264034838731,88.5197568772
68.8333085262,199.871646709,96.0246890431,0.825044504859,0.382129642615,69.0725979151,52.3693627908,0.264034838731,88.1115347592
68.8333085262,199.871646709,170.881889862,0.825044504859,0.382129642615,69.0725979151,52.3693627908,0.264034838731,88.1824098195
68.8333085262,199.871646709,170.881889862,0.212983795856,0.382129642615,69.0725979151,52.3693627908,0.264034838731,34.8259575371
68.8333085262,199.871646709,170.881889862,0.212983795856,0.487653952278,69.0725979151,52.3693627908,0.264034838731,11.1498381162
68.8333085262,199.871646709,170.881889862,0.212983795856,0.487653952278,30.1305762215,52.3693627908,0.264034838731,14.3531582774
68.8333085262,199.871646709,170.881889862,0.212983795856,0.487653952278,30.1305762215,2.4572346191,0.264034838731,17.8679354112
68.8333085262,199.871646709,170.881889862,0.212983795856,0.487653952278,30.1305762215,2.4572346191,0.376223021095,18.4625700268
97.5909483732,199.871646709,170.881889862,0.212983795856,0.487653952278,30.1305762215,2.4572346191,0.376223021095,15.6659217132
97.5909483732,17.6718883695,170.881889862,0.212983795856,0.487653952278,30.1305762215,2.4572346191,0.376223021095,6.42817384915
97.5909483732,17.6718883695,112.767371709,0.212983795856,0.487653952278,30.1305762215,2.4572346191,0.376223021095,9.19616327262
97.5909483732,17.6718883695,112.767371709,0.911975866533,0.487653952278,30.1305762215,2.4572346191,0.376223021095,88.1344657092
97.5909483732,17.6718883695,112.767371709,0.911975866533,0.261877779641,30.1305762215,2.4572346191,0.376223021095,87.0165465137
97.5909483732,17.6718883695,112.767371709,0.911975866533,0.261877779641,7.20132876286,2.4572346191,0.376223021095,89.4049103294
97.5909483732,17.6718883695,112.767371709,0.911975866533,0.261877779641,7.20132876286,84.1911037778,0.376223021095,87.9673844636
97.5909483732,17.6718883695,112.767371709,0.911975866533,0.261877779641,7.20132876286,84.1911037778,0.771654382807,87.7063183389
75.378689626,17.6718883695,112.767371709,0.911975866533,0.261877779641,7.20132876286,84.1911037778,0.771654382807,88.8923247845
75.378689626,146.580589,112.767371709,0.911975866533,0.261877779641,7.20132876286,84.1911037778,0.771654382807,88.2420079177
75.378689626,146.580589,107.628028622,0.911975866533,0.261877779641,7.20132876286,84.1911037778,0.771654382807,88.1044676466
75.378689626,146.580589,107.628028622,0.623031193417,0.261877779641,7.20132876286,84.1911037778,0.771654382807,88.185566364
75.378689626,146.580589,107.628028622,0.623031193417,0.156914019083,7.20132876286,84.1911037778,0.771654382807,87.4389040746
75.378689626,146.580589,107.628028622,0.623031193417,0.156914019083,36.4126058818,84.1911037778,0.771654382807,87.5232228796
75.378689626,146.580589,107.628028622,0.623031193417,0.156914019083,36.4126058818,69.2768564611,0.771654382807,88.5811621826
75.378689626,146.580589,107.628028622,0.623031193417,0.156914019083,36.4126058818,69.2768564611,0.413668005853,88.617961062
1.81317027545,146.580589,107.628028622,0.623031193417,0.156914019083,36.4126058818,69.2768564611,0.413668005853,85.8991117722
1.81317027545,54.2885750171,107.628028622,0.623031193417,0.156914019083,36.4126058818,69.2768564611,0.413668005853,81.7017889413
1.81317027545,54.2885750171,16.0557645143,0.623031193417,0.156914019083,36.4126058818,69.2768564611,0.413668005853,86.5487562557
1.81317027545,54.2885750171,16.0557645143,0.63362849518,0.156914019083,36.4126058818,69.2768564611,0.413668005853,86.2494165945
1.81317027545,54.2885750171,16.0557645143,0.63362849518,0.352475376402,36.4126058818,69.2768564611,0.413668005853,88.4311627247
1.81317027545,54.2885750171,16.0557645143,0.63362849518,0.352475376402,10.2955069328,69.2768564611,0.413668005853,86.9329855399
1.81317027545,54.2885750171,16.0557645143,0.63362849518,0.352475376402,10.2955069328,88.375287931,0.413668005853,87.437559041
1.81317027545,54.2885750171,16.0557645143,0.63362849518,0.352475376402,10.2955069328,88.375287931,0.71250446607,86.5985069222
51.9180337266,54.2885750171,16.0557645143,0.63362849518,0.352475376402,10.2955069328,88.375287931,0.71250446607,88.0800966728
51.9180337266,167.032796939,16.0557645143,0.63362849518,0.352475376402,10.2955069328,88.375287931,0.71250446607,88.0528140154
51.9180337266,167.032796939,118.838604841,0.63362849518,0.352475376402,10.2955069328,88.375287931,0.71250446607,87.406156976
51.9180337266,167.032796939,118.838604841,0.054348841131,0.352475376402,10.2955069328,88.375287931,0.71250446607,0.549575837194
51.9180337266,167.032796939,118.838604841,0.054348841131,0.479976436719,10.2955069328,88.375287931,0.71250446607,0.540062953499
51.9180337266,167.032796939,118.838604841,0.054348841131,0.479976436719,70.8945690847,88.375287931,0.71250446607,1.27784746412
51.9180337266,167.032796939,118.838604841,0.054348841131,0.479976436719,70.8945690847,11.1077063677,0.71250446607,1.27807995032
51.9180337266,167.032796939,118.838604841,0.054348841131,0.479976436719,70.8945690847,11.1077063677,0.282271590168,1.26742718446
22.9322294414,167.032796939,118.838604841,0.054348841131,0.479976436719,70.8945690847,11.1077063677,0.282271590168,1.82167302406
22.9322294414,193.792697341,118.838604841,0.054348841131,0.479976436719,70.8945690847,11.1077063677,0.282271590168,1.78289417659
22.9322294414,193.792697341,189.307741563,0.054348841131,0.479976436719,70.8945690847,11.1077063677,0.282271590168,1.78798350953
22.9322294414,193.792697341,189.307741563,0.670809675994,0.479976436719,70.8945690847,11.1077063677,0.282271590168,88.0551695211
22.9322294414,193.792697341,189.307741563,0.670809675994,0.447830007889,70.8945690847,11.1077063677,0.282271590168,88.2438356119
22.9322294414,193.792697341,189.307741563,0.670809675994,0.447830007889,40.7272136599,11.1077063677,0.282271590168,87.6662034314
22.9322294414,193.792697341,189.307741563,0.670809675994,0.447830007889,40.7272136599,87.7961851796,0.282271590168,87.9418525503
22.9322294414,193.792697341,189.307741563,0.670809675994,0.447830007889,40.7272136599,87.7961851796,0.147130313916,87.5805161877
82.8230123114,193.792697341,189.307741563,0.670809675994,0.447830007889,40.7272136599,87.7961851796,0.147130313916,88.4649469539
82.8230123114,150.436369798,189.307741563,0.670809675994,0.447830007889,40.7272136599,87.7961851796,0.147130313916,87.3651655334
82.8230123114,150.436369798,62.6480470816,0.670809675994,0.447830007889,40.7272136599,87.7961851796,0.147130313916,87.8637397208
82.8230123114,150.436369798,62.6480470816,0.0187231088854,0.447830007889,40.7272136599,87.7961851796,0.147130313916,0.725160218083
82.8230123114,150.436369798,62.6480470816,0.0187231088854,0.319349440322,40.7272136599,87.7961851796,0.147130313916,0.727779827593
82.8230123114,150.436369798,62.6480470816,0.0187231088854,0.319349440322,41.7974780628,87.7961851796,0.147130313916,0.73091715323
82.8230123114,150.436369798,62.6480470816,0.0187231088854,0.319349440322,41.7974780628,41.8728134461,0.147130313916,0.737537591711
82.8230123114,150.436369798,62.6480470816,0.0187231088854,0.319349440322,41.7974780628,41.8728134461,0.358531255666,0.735774761798
94.4370745555,150.436369798,62.6480470816,0.0187231088854,0.319349440322,41.7974780628,41.8728134461,0.358531255666,0.697684021215
94.4370745555,179.680288086,62.6480470816,0.0187231088854,0.319349440322,41.7974780628,41.8728134461,0.358531255666,0.685989815839
94.4370745555,179.680288086,108.593726799,0.0187231088854,0.319349440322,41.7974780628,41.8728134461,0.358531255666,0.68146135384
94.4370745555,179.680288086,108.593726799,0.560566924454,0.319349440322,41.7974780628,41.8728134461,0.358531255666,87.838205385
94.4370745555,179.680288086,108.593726799,0.560566924454,0.160937230976,41.7974780628,41.8728134461,0.358531255666,88.3002973349
94.4370745555,179.680288086,108.593726799,0.560566924454,0.160937230976,9.04130874112,41.8728134461,0.358531255666,87.5754411144
94.4370745555,179.680288086,108.593726799,0.560566924454,0.160937230976,9.04130874112,74.3486304688,0.358531255666,88.1506143322
94.4370745555,179.680288086,108.593726799,0.560566924454,0.160937230976,9.04130874112,74.3486304688,0.564831401468,88.2545304166
1.63502939384,179.680288086,108.593726799,0.560566924454,0.160937230976,9.04130874112,74.3486304688,0.564831401468,85.6609224355
1.63502939384,176.433783704,108.593726799,0.560566924454,0.160937230976,9.04130874112,74.3486304688,0.564831401468,85.940308342
1.63502939384,176.433783704,199.566578471,0.560566924454,0.160937230976,9.04130874112,74.3486304688,0.564831401468,84.2017629686
1.63502939384,176.433783704,199.566578471,0.987504623086,0.160937230976,9.04130874112,74.3486304688,0.564831401468,88.0421538082
1.63502939384,176.433783704,199.566578471,0.987504623086,0.416241972886,9.04130874112,74.3486304688,0.564831401468,87.2972691436
1.63502939384,176.433783704,199.566578471,0.987504623086,0.416241972886,89.4932507907,74.3486304688,0.564831401468,87.731931844
1.63502939384,176.433783704,199.566578471,0.987504623086,0.416241972886,89.4932507907,98.1496551191,0.564831401468,87.8491914724
1.63502939384,176.433783704,199.566578471,0.987504623086,0.416241972886,89.4932507907,98.1496551191,0.150331471368,87.1868877508
73.7946685663,176.433783704,199.566578471,0.987504623086,0.416241972886,89.4932507907,98.1496551191,0.150331471368,87.8865428482
73.7946685663,95.401167174,199.566578471,0.987504623086,0.416241972886,89.4932507907,98.1496551191,0.150331471368,88.4010838204
73.7946685663,95.401167174,118.461455976,0.987504623086,0.416241972886,89.4932507907,98.1496551191,0.150331471368,87.7677514393
73.7946685663,95.401167174,118.461455976,0.824390104894,0.416241972886,89.4932507907,98.1496551191,0.150331471368,88.3062998952
73.7946685663,95.401167174,118.461455976,0.824390104894,0.239209898032,89.4932507907,98.1496551191,0.150331471368,88.3554347082
73.7946685663,95.401167174,118.461455976,0.824390104894,0.239209898032,82.8461929724,98.1496551191,0.150331471368,87.6713790998
73.7946685663,95.401167174,118.461455976,0.824390104894,0.239209898032,82.8461929724,52.9862814606,0.150331471368,88.1482449719
73.7946685663,95.401167174,118.461455976,0.824390104894,0.239209898032,82.8461929724,52.9862814606,0.0513071822053,87.5149322367
98.8571575133,95.401167174,118.461455976,0.824390104894,0.239209898032,82.8461929724,52.9862814606,0.0513071822053,88.9869318722
98.8571575133,33.2217808415,118.461455976,0.824390104894,0.239209898032,82.8461929724,52.9862814606,0.0513071822053,87.3086707265
98.8571575133,33.2217808415,154.865308641,0.824390104894,0.239209898032,82.8461929724,52.9862814606,0.0513071822053,88.9352037351
98.8571575133,33.2217808415,154.865308641,0.527846551386,0.239209898032,82.8461929724,52.9862814606,0.0513071822053,87.773506749
98.8571575133,33.2217808415,154.865308641,0.527846551386,0.199059761386,82.8461929724,52.9862814606,0.0513071822053,86.9580140001
98.8571575133,33.2217808415,154.865308641,0.527846551386,0.199059761386,24.0219681816,52.9862814606,0.0513071822053,86.461310917
98.8571575133,33.2217808415,154.865308641,0.527846551386,0.199059761386,24.0219681816,81.735780023,0.0513071822053,88.3690178274
98.8571575133,33.2217808415,154.865308641,0.527846551386,0.199059761386,24.0219681816,81.735780023,0.455966397892,87.7053813808
53.0819288102,33.2217808415,154.865308641,0.527846551386,0.199059761386,24.0219681816,81.735780023,0.455966397892,87.2362480216
53.0819288102,152.354854989,154.865308641,0.527846551386,0.199059761386,24.0219681816,81.735780023,0.455966397892,88.3222686717
53.0819288102,152.354854989,121.236279103,0.527846551386,0.199059761386,24.0219681816,81.735780023,0.455966397892,86.7745021075
53.0819288102,152.354854989,121.236279103,0.416329839342,0.199059761386,24.0219681816,81.735780023,0.455966397892,77.942251881
53.0819288102,152.354854989,121.236279103,0.416329839342,0.275671351398,24.0219681816,81.735780023,0.455966397892,78.1437470918
53.0819288102,152.354854989,121.236279103,0.416329839342,0.275671351398,60.30633645,81.735780023,0.455966397892,77.2234028709
53.0819288102,152.354854989,121.236279103,0.416329839342,0.275671351398,60.30633645,91.5893007107,0.455966397892,76.3712115453
53.0819288102,152.354854989,121.236279103,0.416329839342,0.275671351398,60.30633645,91.5893007107,0.590332278379,76.3663260634
35.9921665617,152.354854989,121.236279103,0.416329839342,0.275671351398,60.30633645,91.5893007107,0.590332278379,77.2459543079
35.9921665617,152.889759216,121.236279103,0.416329839342,0.275671351398,60.30633645,91.5893007107,0.590332278379,77.0909757061
35.9921665617,152.889759216,118.517874141,0.416329839342,0.275671351398,60.30633645,91.5893007107,0.590332278379,76.6964465291
35.9921665617,152.889759216,118.517874141,0.899159173465,0.275671351398,60.30633645,91.5893007107,0.590332278379,87.98664911
35.9921665617,152.889759216,118.517874141,0.899159173465,0.209301959117,60.30633645,91.5893007107,0.590332278379,87.687161457
35.9921665617,152.889759216,118.517874141,0.899159173465,0.209301959117,68.7865292978,91.5893007107,0.590332278379,87.9839035613
35.9921665617,152.889759216,118.517874141,0.899159173465,0.209301959117,68.7865292978,52.4853534867,0.590332278379,88.1755345056
35.9921665617,152.889759216,118.517874141,0.899159173465,0.209301959117,68.7865292978,52.4853534867,0.700599913471,88.3217497079
48.9602597467,152.889759216,118.517874141,0.899159173465,0.209301959117,68.7865292978,52.4853534867,0.700599913471,87.2757494037
48.9602597467,198.509750939,118.517874141,0.899159173465,0.209301959117,68.7865292978,52.4853534867,0.700599913471,87.7247334089
48.9602597467,198.509750939,99.6665776388,0.899159173465,0.209301959117,68.7865292978,52.4853534867,0.700599913471,87.8223710265
48.9602597467,198.509750939,99.6665776388,0.128472848188,0.209301959117,68.7865292978,52.4853534867,0.700599913471,2.18617390991
48.9602597467,198.509750939,99.6665776388,0.128472848188,0.296893380362,68.7865292978,52.4853534867,0.700599913471,1.91422313293
48.9602597467,198.509750939,99.6665776388,0.128472848188,0.296893380362,25.8007207022,52.4853534867,0.700599913471,1.42483441464
48.9602597467,198.509750939,99.6665776388,0.128472848188,0.296893380362,25.8007207022,94.0215523202,0.700599913471,1.47610152597
48.9602597467,198.509750939,99.6665776388,0.128472848188,0.296893380362,25.8007207022,94.0215523202,0.936828575246,1.43148779336
63.936583074,198.509750939,99.6665776388,0.128472848188,0.296893380362,25.8007207022,94.0215523202,0.936828575246,1.21783006856
63.936583074,80.7356100143,99.6665776388,0.128472848188,0.296893380362,25.8007207022,94.0215523202,0.936828575246,1.40501840482
63.936583074,80.7356100143,74.3387592439,0.128472848188,0.296893380362,25.8007207022,94.0215523202,0.936828575246,1.3937222729
63.936583074,80.7356100143,74.3387592439,0.423351386238,0.296893380362,25.8007207022,94.0215523202,0.936828575246,79.2267553172
63.936583074,80.7356100143,74.3387592439,0.423351386238,0.0941807388945,25.8007207022,94.0215523202,0.936828575246,78.7170095743
63.936583074,80.7356100143,74.3387592439,0.423351386238,0.0941807388945,71.0413770277,94.0215523202,0.936828575246,76.1958611821
63.936583074,80.7356100143,74.3387592439,0.423351386238,0.0941807388945,71.0413770277,29.7279977413,0.936828575246,77.302190401
63.936583074,80.7356100143,74.3387592439,0.423351386238,0.0941807388945,71.0413770277,29.7279977413,0.88675696107,76.6286275702
70.5673188272,80.7356100143,74.3387592439,0.423351386238,0.0941807388945,71.0413770277,29.7279977413,0.88675696107,77.6949407814
70.5673188272,145.375660675,74.3387592439,0.423351386238,0.0941807388945,71.0413770277,29.7279977413,0.88675696107,77.1692843427
70.5673188272,145.375660675,66.9520650603,0.423351386238,0.0941807388945,71.0413770277,29.7279977413,0.88675696107,77.2194233791
70.5673188272,145.375660675,66.9520650603,0.130000107607,0.0941807388945,71.0413770277,29.7279977413,0.88675696107,5.83811675048
70.5673188272,145.375660675,66.9520650603,0.130000107607,0.106209566647,71.0413770277,29.7279977413,0.88675696107,5.31078086377
70.5673188272,145.375660675,66.9520650603,0.130000107607,0.106209566647,5.16596462302,29.7279977413,0.88675696107,19.0655018274
70.5673188272,145.375660675,66.9520650603,0.130000107607,0.106209566647,5.16596462302,60.1509251894,0.88675696107,20.6342865863
70.5673188272,145.375660675,66.9520650603,0.130000107607,0.106209566647,5.16596462302,60.1509251894,0.0841862861829,1.7858076977
84.4099631504,145.375660675,66.9520650603,0.130000107607,0.106209566647,5.16596462302,60.1509251894,0.0841862861829,1.48025862318
84.4099631504,54.2188185568,66.9520650603,0.130000107607,0.106209566647,5.16596462302,60.1509251894,0.0841862861829,1.60976908241
84.4099631504,54.2188185568,104.647462029,0.130000107607,0.106209566647,5.16596462302,60.1509251894,0.0841862861829,1.42234809574
84.4099631504,54.2188185568,104.647462029,0.754330637489,0.106209566647,5.16596462302,60.1509251894,0.0841862861829,88.0622530717
84.4099631504,54.2188185568,104.647462029,0.754330637489,0.247165707457,5.16596462302,60.1509251894,0.0841862861829,87.8839618839
84.4099631504,54.2188185568,104.647462029,0.754330637489,0.247165707457,54.3898661356,60.1509251894,0.0841862861829,88.5307700344
84.4099631504,54.2188185568,104.647462029,0.754330637489,0.247165707457,54.3898661356,16.9082394548,0.0841862861829,86.8415270788
84.4099631504,54.2188185568,104.647462029,0.754330637489,0.247165707457,54.3898661356,16.9082394548,0.185125022013,88.1863175318
67.8156582219,54.2188185568,104.647462029,0.754330637489,0.247165707457,54.3898661356,16.9082394548,0.185125022013,87.6881996362
67.8156582219,129.108402919,104.647462029,0.754330637489,0.247165707457,54.3898661356,16.9082394548,0.185125022013,87.8204374076
67.8156582219,129.108402919,167.049461113,0.754330637489,0.247165707457,54.3898661356,16.9082394548,0.185125022013,87.6675066355
67.8156582219,129.108402919,167.049461113,0.209850112752,0.247165707457,54.3898661356,16.9082394548,0.185125022013,12.9115109433
67.8156582219,129.108402919,167.049461113,0.209850112752,0.250624614929,54.3898661356,16.9082394548,0.185125022013,12.4321816852
67.8156582219,129.108402919,167.049461113,0.209850112752,0.250624614929,71.426516533,16.9082394548,0.185125022013,10.9768194882
67.8156582219,129.108402919,167.049461113,0.209850112752,0.250624614929,71.426516533,44.5883432934,0.185125022013,9.93069938201
67.8156582219,129.108402919,167.049461113,0.209850112752,0.250624614929,71.426516533,44.5883432934,0.178793339767,9.60222791625
80.6090622319,129.108402919,167.049461113,0.209850112752,0.250624614929,71.426516533,44.5883432934,0.178793339767,11.5039064655
80.6090622319,176.482708048,167.049461113,0.209850112752,0.250624614929,71.426516533,44.5883432934,0.178793339767,18.5743895638
80.6090622319,176.482708048,191.560162404,0.209850112752,0.250624614929,71.426516533,44.5883432934,0.178793339767,13.5481266457
80.6090622319,176.482708048,191.560162404,0.675411735322,0.250624614929,71.426516533,44.5883432934,0.178793339767,88.3669029932
80.6090622319,176.482708048,191.560162404,0.675411735322,0.331521313519,71.426516533,44.5883432934,0.178793339767,88.3703663595
80.6090622319,176.482708048,191.560162404,0.675411735322,0.331521313519,67.2500321683,44.5883432934,0.178793339767,88.1763162569
80.6090622319,176.482708048,191.560162404,0.675411735322,0.331521313519,67.2500321683,16.0019176705,0.178793339767,87.8646411651
80.6090622319,176.482708048,191.560162404,0.675411735322,0.331521313519,67.2500321683,16.0019176705,0.225117161304,88.1335187958
83.7310042123,176.482708048,191.560162404,0.675411735322,0.331521313519,67.2500321683,16.0019176705,0.225117161304,87.6942802005
83.7310042123,75.2483833857,191.560162404,0.675411735322,0.331521313519,67.2500321683,16.0019176705,0.225117161304,87.1950900368
83.7310042123,75.2483833857,120.553496043,0.675411735322,0.331521313519,67.2500321683,16.0019176705,0.225117161304,88.3779797297
83.7310042123,75.2483833857,120.553496043,0.745642333245,0.331521313519,67.2500321683,16.0019176705,0.225117161304,87.660415872
83.7310042123,75.2483833857,120.553496043,0.745642333245,0.240562922209,67.2500321683,16.0019176705,0.225117161304,88.7480637841
83.7310042123,75.2483833857,120.553496043,0.745642333245,0.240562922209,26.7545146255,16.0019176705,0.225117161304,88.0270651677
83.7310042123,75.2483833857,120.553496043,0.745642333245,0.240562922209,26.7545146255,79.2780432744,0.225117161304,88.0701507997
83.7310042123,75.2483833857,120.553496043,0.745642333245,0.240562922209,26.7545146255,79.2780432744,0.537030730957,88.2044553501
56.5184200031,75.2483833857,120.553496043,0.745642333245,0.240562922209,26.7545146255,79.2780432744,0.537030730957,87.0553462704
56.5184200031,66.7144114627,120.553496043,0.745642333245,0.240562922209,26.7545146255,79.2780432744,0.537030730957,88.1395702911
56.5184200031,66.7144114627,134.676897847,0.745642333245,0.240562922209,26.7545146255,79.2780432744,0.537030730957,88.2340917232
56.5184200031,66.7144114627,134.676897847,0.0984730458387,0.240562922209,26.7545146255,79.2780432744,0.537030730957,1.25921424994
56.5184200031,66.7144114627,134.676897847,0.0984730458387,0.0790198234393,26.7545146255,79.2780432744,0.537030730957,1.37126347605
56.5184200031,66.7144114627,134.676897847,0.0984730458387,0.0790198234393,26.0725346121,79.2780432744,0.537030730957,1.39001204751
56.5184200031,66.7144114627,134.676897847,0.0984730458387,0.0790198234393,26.0725346121,51.5551578626,0.537030730957,1.35657086435
56.5184200031,66.7144114627,134.676897847,0.0984730458387,0.0790198234393,26.0725346121,51.5551578626,0.335026508225,1.28326563011
66.3682191788,66.7144114627,134.676897847,0.0984730458387,0.0790198234393,26.0725346121,51.5551578626,0.335026508225,1.18556715206
66.3682191788,163.919565655,134.676897847,0.0984730458387,0.0790198234393,26.0725346121,51.5551578626,0.335026508225,1.10845262085
66.3682191788,163.919565655,181.974969453,0.0984730458387,0.0790198234393,26.0725346121,51.5551578626,0.335026508225,1.05776203528
66.3682191788,163.919565655,181.974969453,0.948233362703,0.0790198234393,26.0725346121,51.5551578626,0.335026508225,87.7399028329
66.3682191788,163.919565655,181.974969453,0.948233362703,0.158123756591,26.0725346121,51.5551578626,0.335026508225,87.815085516
66.3682191788,163.919565655,181.974969453,0.948233362703,0.158123756591,87.3478145884,51.5551578626,0.335026508225,88.0320866486
66.3682191788,163.919565655,181.974969453,0.948233362703,0.158123756591,87.3478145884,94.8640418371,0.335026508225,88.0729165872
66.3682191788,163.919565655,181.974969453,0.948233362703,0.158123756591,87.3478145884,94.8640418371,0.938968512523,88.4046221442
8.78691340867,163.919565655,181.974969453,0.948233362703,0.158123756591,87.3478145884,94.8640418371,0.938968512523,87.9461364033
8.78691340867,125.431793349,181.974969453,0.948233362703,0.158123756591,87.3478145884,94.8640418371,0.938968512523,88.1121576472
8.78691340867,125.431793349,110.184273215,0.948233362703,0.158123756591,87.3478145884,94.8640418371,0.938968512523,87.5549477558
8.78691340867,125.431793349,110.184273215,0.331365131561,0.158123756591,87.3478145884,94.8640418371,0.938968512523,64.0689093336
8.78691340867,125.431793349,110.184273215,0.331365131561,0.167874201211,87.3478145884,94.8640418371,0.938968512523,64.6232323043
8.78691340867,125.431793349,110.184273215,0.331365131561,0.167874201211,7.68880325722,94.8640418371,0.938968512523,79.4952368963
8.78691340867,125.431793349,110.184273215,0.331365131561,0.167874201211,7.68880325722,86.0463600541,0.938968512523,78.4550498482
8.78691340867,125.431793349,110.184273215,0.331365131561,0.167874201211,7.68880325722,86.0463600541,0.0243402176341,30.579742698
56.1277873489,125.431793349,110.184273215,0.331365131561,0.167874201211,7.68880325722,86.0463600541,0.0243402176341,17.8064905474
56.1277873489,32.6013376001,110.184273215,0.331365131561,0.167874201211,7.68880325722,86.0463600541,0.0243402176341,9.18617000518
56.1277873489,32.6013376001,193.958682619,0.331365131561,0.167874201211,7.68880325722,86.0463600541,0.0243402176341,8.32111467995
56.1277873489,32.6013376001,193.958682619,0.700557466743,0.167874201211,7.68880325722,86.0463600541,0.0243402176341,87.9422875424
56.1277873489,32.6013376001,193.958682619,0.700557466743,0.319575515162,7.68880325722,86.0463600541,0.0243402176341,88.1472769989
56.1277873489,32.6013376001,193.958682619,0.700557466743,0.319575515162,61.9874612879,86.0463600541,0.0243402176341,87.9126135021
56.1277873489,32.6013376001,193.958682619,0.700557466743,0.319575515162,61.9874612879,50.314725532,0.0243402176341,88.148168647
56.1277873489,32.6013376001,193.958682619,0.700557466743,0.319575515162,61.9874612879,50.314725532,0.0503295398763,87.6271204394
56.213265571,32.6013376001,193.958682619,0.700557466743,0.319575515162,61.9874612879,50.314725532,0.0503295398763,87.4050060021
56.213265571,130.974345447,193.958682619,0.700557466743,0.319575515162,61.9874612879,50.314725532,0.0503295398763,87.7271370826
56.213265571,130.974345447,17.6823181422,0.700557466743,0.319575515162,61.9874612879,50.314725532,0.0503295398763,87.4274767926
56.213265571,130.974345447,17.6823181422,0.154115685347,0.319575515162,61.9874612879,50.314725532,0.0503295398763,6.67256305913
56.213265571,130.974345447,17.6823181422,0.154115685347,0.39726402338,61.9874612879,50.314725532,0.0503295398763,3.05613819802
56.213265571,130.974345447,17.6823181422,0.154115685347,0.39726402338,8.77389123305,50.314725532,0.0503295398763,3.46546244536
56.213265571,130.974345447,17.6823181422,0.154115685347,0.39726402338,8.77389123305,15.6508847427,0.0503295398763,3.91070493339
56.213265571,130.974345447,17.6823181422,0.154115685347,0.39726402338,8.77389123305,15.6508847427,0.383221248887,9.18863165821
75.2809626318,130.974345447,17.6823181422,0.154115685347,0.39726402338,8.77389123305,15.6508847427,0.383221248887,8.36690639343
75.2809626318,43.9704541516,17.6823181422,0.154115685347,0.39726402338,8.77389123305,15.6508847427,0.383221248887,6.52297440198
75.2809626318,43.9704541516,11.7070188029,0.154115685347,0.39726402338,8.77389123305,15.6508847427,0.383221248887,6.8088092088
75.2809626318,43.9704541516,11.7070188029,0.285564686747,0.39726402338,8.77389123305,15.6508847427,0.383221248887,65.6999149354
75.2809626318,43.9704541516,11.7070188029,0.285564686747,0.431621698414,8.77389123305,15.6508847427,0.383221248887,64.5473262388
75.2809626318,43.9704541516,11.7070188029,0.285564686747,0.431621698414,65.21068537,15.6508847427,0.383221248887,57.3768607867
75.2809626318,43.9704541516,11.7070188029,0.285564686747,0.431621698414,65.21068537,50.4215834651,0.383221248887,55.8481744042
75.2809626318,43.9704541516,11.7070188029,0.285564686747,0.431621698414,65.21068537,50.4215834651,0.453510305022,55.550846654
93.1331625007,43.9704541516,11.7070188029,0.285564686747,0.431621698414,65.21068537,50.4215834651,0.453510305022,57.0251090063
93.1331625007,176.265136692,11.7070188029,0.285564686747,0.431621698414,65.21068537,50.4215834651,0.453510305022,56.8112589658
93.1331625007,176.265136692,168.287945491,0.285564686747,0.431621698414,65.21068537,50.4215834651,0.453510305022,55.8712690993
93.1331625007,176.265136692,168.287945491,0.161760210689,0.431621698414,65.21068537,50.4215834651,0.453510305022,2.07029177173
93.1331625007,176.265136692,168.287945491,0.161760210689,0.0365261872396,65.21068537,50.4215834651,0.453510305022,2.02727090443
93.1331625007,176.265136692,168.287945491,0.161760210689,0.0365261872396,8.6972876724,50.4215834651,0.453510305022,1.73374779473
93.1331625007,176.265136692,168.287945491,0.161760210689,0.0365261872396,8.6972876724,83.1529180856,0.453510305022,1.70815993314
93.1331625007,176.265136692,168.287945491,0.161760210689,0.0365261872396,8.6972876724,83.1529180856,0.0833362624493,0.750481392086
39.0034885161,176.265136692,168.287945491,0.161760210689,0.0365261872396,8.6972876724,83.1529180856,0.0833362624493,1.3033771946
39.0034885161,153.850058788,168.287945491,0.161760210689,0.0365261872396,8.6972876724,83.1529180856,0.0833362624493,1.31318353582
39.0034885161,153.850058788,151.792986966,0.161760210689,0.0365261872396,8.6972876724,83.1529180856,0.0833362624493,1.33650205597
39.0034885161,153.850058788,151.792986966,0.320131795671,0.0365261872396,8.6972876724,83.1529180856,0.0833362624493,9.53791394523
39.0034885161,153.850058788,151.792986966,0.320131795671,0.419042721673,8.6972876724,83.1529180856,0.0833362624493,61.8604002159
39.0034885161,153.850058788,151.792986966,0.320131795671,0.419042721673,8.65537930685,83.1529180856,0.0833362624493,60.2556016317
39.0034885161,153.850058788,151.792986966,0.320131795671,0.419042721673,8.65537930685,84.1971198704,0.0833362624493,60.0730549586
39.0034885161,153.850058788,151.792986966,0.320131795671,0.419042721673,8.65537930685,84.1971198704,0.345316943147,73.3839250737
35.7818783755,153.850058788,151.792986966,0.320131795671,0.419042721673,8.65537930685,84.1971198704,0.345316943147,73.9770091924
35.7818783755,162.849753607,151.792986966,0.320131795671,0.419042721673,8.65537930685,84.1971198704,0.345316943147,73.0646713519
35.7818783755,162.849753607,27.2649162548,0.320131795671,0.419042721673,8.65537930685,84.1971198704,0.345316943147,75.1575915942
35.7818783755,162.849753607,27.2649162548,0.0423492553087,0.419042721673,8.65537930685,84.1971198704,0.345316943147,0.678343388776
35.7818783755,162.849753607,27.2649162548,0.0423492553087,0.264908519788,8.65537930685,84.1971198704,0.345316943147,0.696462278553
35.7818783755,162.849753607,27.2649162548,0.0423492553087,0.264908519788,3.79260854215,84.1971198704,0.345316943147,0.801096198857
35.7818783755,162.849753607,27.2649162548,0.0423492553087,0.264908519788,3.79260854215,37.0844703137,0.345316943147,0.819869349388
35.7818783755,162.849753607,27.2649162548,0.0423492553087,0.264908519788,3.79260854215,37.0844703137,0.164366490035,0.826207354121
70.8875627581,162.849753607,27.2649162548,0.0423492553087,0.264908519788,3.79260854215,37.0844703137,0.164366490035,0.361901597162
70.8875627581,193.764303254,27.2649162548,0.0423492553087,0.264908519788,3.79260854215,37.0844703137,0.164366490035,0.331330996126
70.8875627581,193.764303254,30.7593882109,0.0423492553087,0.264908519788,3.79260854215,37.0844703137,0.164366490035,0.337262812004
70.8875627581,193.764303254,30.7593882109,0.916880971018,0.264908519788,3.79260854215,37.0844703137,0.164366490035,87.7116187906
70.8875627581,193.764303254,30.7593882109,0.916880971018,0.0736397081961,3.79260854215,37.0844703137,0.164366490035,88.4274397488
70.8875627581,193.764303254,30.7593882109,0.916880971018,0.0736397081961,90.4771662032,37.0844703137,0.164366490035,87.3415953228
70.8875627581,193.764303254,30.7593882109,0.916880971018,0.0736397081961,90.4771662032,12.1359715669,0.164366490035,87.960155919
70.8875627581,193.764303254,30.7593882109,0.916880971018,0.0736397081961,90.4771662032,12.1359715669,0.515300261562,87.6258934957
1.22946343413,193.764303254,30.7593882109,0.916880971018,0.0736397081961,90.4771662032,12.1359715669,0.515300261562,87.2304061106
1.22946343413,138.277757787,30.7593882109,0.916880971018,0.0736397081961,90.4771662032,12.1359715669,0.515300261562,87.647208342
1.22946343413,138.277757787,169.993625759,0.916880971018,0.0736397081961,90.4771662032,12.1359715669,0.515300261562,86.8371094787
1.22946343413,138.277757787,169.993625759,0.00736144291632,0.0736397081961,90.4771662032,12.1359715669,0.515300261562,7.65664832611
1.22946343413,138.277757787,169.993625759,0.00736144291632,0.352046782271,90.4771662032,12.1359715669,0.515300261562,9.83649587204
1.22946343413,138.277757787,169.993625759,0.00736144291632,0.352046782271,98.5719753261,12.1359715669,0.515300261562,8.95471435773
1.22946343413,138.277757787,169.993625759,0.00736144291632,0.352046782271,98.5719753261,94.0006212701,0.515300261562,7.76714385073
1.22946343413,138.277757787,169.993625759,0.00736144291632,0.352046782271,98.5719753261,94.0006212701,0.00985383479909,7.63420226134
4.45487598782,138.277757787,169.993625759,0.00736144291632,0.352046782271,98.5719753261,94.0006212701,0.00985383479909,3.64697028937
4.45487598782,39.6831824638,169.993625759,0.00736144291632,0.352046782271,98.5719753261,94.0006212701,0.00985383479909,5.55768244767
4.45487598782,39.6831824638,152.834946567,0.00736144291632,0.352046782271,98.5719753261,94.0006212701,0.00985383479909,5.30105217563
4.45487598782,39.6831824638,152.834946567,0.851200957121,0.352046782271,98.5719753261,94.0006212701,0.00985383479909,88.243150072
4.45487598782,39.6831824638,152.834946567,0.851200957121,0.409026739236,98.5719753261,94.0006212701,0.00985383479909,86.7980343776
4.45487598782,39.6831824638,152.834946567,0.851200957121,0.409026739236,1.11820521953,94.0006212701,0.00985383479909,87.9329381471
4.45487598782,39.6831824638,152.834946567,0.851200957121,0.409026739236,1.11820521953,30.6229388713,0.00985383479909,87.8847660087
4.45487598782,39.6831824638,152.834946567,0.851200957121,0.409026739236,1.11820521953,30.6229388713,0.911058672578,87.9788628518
71.1857194357,39.6831824638,152.834946567,0.851200957121,0.409026739236,1.11820521953,30.6229388713,0.911058672578,88.2998743419
71.1857194357,84.1010343569,152.834946567,0.851200957121,0.409026739236,1.11820521953,30.6229388713,0.911058672578,88.3628600293
71.1857194357,84.1010343569,143.731161238,0.851200957121,0.409026739236,1.11820521953,30.6229388713,0.911058672578,87.1315406491
71.1857194357,84.1010343569,143.731161238,0.368084939983,0.409026739236,1.11820521953,30.6229388713,0.911058672578,84.0070551106
71.1857194357,84.1010343569,143.731161238,0.368084939983,0.185494692407,1.11820521953,30.6229388713,0.911058672578,83.2840866514
71.1857194357,84.1010343569,143.731161238,0.368084939983,0.185494692407,26.0574813099,30.6229388713,0.911058672578,70.5177107327
71.1857194357,84.1010343569,143.731161238,0.368084939983,0.185494692407,26.0574813099,91.8386463555,0.911058672578,70.6916507133
71.1857194357,84.1010343569,143.731161238,0.368084939983,0.185494692407,26.0574813099,91.8386463555,0.861692632055,71.3370601724
31.0143121291,84.1010343569,143.731161238,0.368084939983,0.185494692407,26.0574813099,91.8386463555,0.861692632055,73.4838583474
31.0143121291,84.5466255881,143.731161238,0.368084939983,0.185494692407,26.0574813099,91.8386463555,0.861692632055,73.2264224478
31.0143121291,84.5466255881,36.9747988981,0.368084939983,0.185494692407,26.0574813099,91.8386463555,0.861692632055,73.5990363732
31.0143121291,84.5466255881,36.9747988981,0.113347707545,0.185494692407,26.0574813099,91.8386463555,0.861692632055,2.55957618497
31.0143121291,84.5466255881,36.9747988981,0.113347707545,0.440323462074,26.0574813099,91.8386463555,0.861692632055,2.02466175594
31.0143121291,84.5466255881,36.9747988981,0.113347707545,0.440323462074,42.3185336394,91.8386463555,0.861692632055,2.10332208555
31.0143121291,84.5466255881,36.9747988981,0.113347707545,0.440323462074,42.3185336394,84.3486436703,0.861692632055,2.07753783406
31.0143121291,84.5466255881,36.9747988981,0.113347707545,0.440323462074,42.3185336394,84.3486436703,0.601945051668,2.07204838365
70.8616104976,84.5466255881,36.9747988981,0.113347707545,0.440323462074,42.3185336394,84.3486436703,0.601945051668,1.24237870172
70.8616104976,6.17091453259,36.9747988981,0.113347707545,0.440323462074,42.3185336394,84.3486436703,0.601945051668,4.61102958346
70.8616104976,6.17091453259,45.0870681323,0.113347707545,0.440323462074,42.3185336394,84.3486436703,0.601945051668,4.50166900319
70.8616104976,6.17091453259,45.0870681323,0.104219646484,0.440323462074,42.3185336394,84.3486436703,0.601945051668,3.97367267433
70.8616104976,6.17091453259,45.0870681323,0.104219646484,0.427832557178,42.3185336394,84.3486436703,0.601945051668,3.65603676335
70.8616104976,6.17091453259,45.0870681323,0.104219646484,0.427832557178,70.2481792429,84.3486436703,0.601945051668,3.7377391515
70.8616104976,6.17091453259,45.0870681323,0.104219646484,0.427832557178,70.2481792429,65.4955439148,0.601945051668,3.49453433658
70.8616104976,6.17091453259,45.0870681323,0.104219646484,0.427832557178,70.2481792429,65.4955439148,0.243754477595,3.23505490559
26.5759124889,6.17091453259,45.0870681323,0.104219646484,0.427832557178,70.2481792429,65.4955439148,0.243754477595,11.2381187799
26.5759124889,94.7278468124,45.0870681323,0.104219646484,0.427832557178,70.2481792429,65.4955439148,0.243754477595,2.37296013222
26.5759124889,94.7278468124,132.905522723,0.104219646484,0.427832557178,70.2481792429,65.4955439148,0.243754477595,2.34115197471
26.5759124889,94.7278468124,132.905522723,0.967109759747,0.427832557178,70.2481792429,65.4955439148,0.243754477595,88.0322089232
26.5759124889,94.7278468124,132.905522723,0.967109759747,0.430825031856,70.2481792429,65.4955439148,0.243754477595,87.9252392099
26.5759124889,94.7278468124,132.905522723,0.967109759747,0.430825031856,59.6517426892,65.4955439148,0.243754477595,87.9298261326
26.5759124889,94.7278468124,132.905522723,0.967109759747,0.430825031856,59.6517426892,54.3990586309,0.243754477595,88.1306347414
26.5759124889,94.7278468124,132.905522723,0.967109759747,0.430825031856,59.6517426892,54.3990586309,0.268615975334,88.3943715913
86.1795444558,94.7278468124,132.905522723,0.967109759747,0.430825031856,59.6517426892,54.3990586309,0.268615975334,87.5275476161
86.1795444558,197.274512812,132.905522723,0.967109759747,0.430825031856,59.6517426892,54.3990586309,0.268615975334,87.8086819477
86.1795444558,197.274512812,151.235510756,0.967109759747,0.430825031856,59.6517426892,54.3990586309,0.268615975334,88.5133939658
86.1795444558,197.274512812,151.235510756,0.825955306434,0.430825031856,59.6517426892,54.3990586309,0.268615975334,87.9032511686
86.1795444558,197.274512812,151.235510756,0.825955306434,0.100684339441,59.6517426892,54.3990586309,0.268615975334,88.1370318817
86.1795444558,197.274512812,151.235510756,0.825955306434,0.100684339441,95.2458128534,54.3990586309,0.268615975334,87.6201723862
86.1795444558,197.274512812,151.235510756,0.825955306434,0.100684339441,95.2458128534,43.2517309391,0.268615975334,88.1667786896
86.1795444558,197.274512812,151.235510756,0.825955306434,0.100684339441,95.2458128534,43.2517309391,0.71893445173,87.9640902114
4.05497426681,197.274512812,151.235510756,0.825955306434,0.100684339441,95.2458128534,43.2517309391,0.71893445173,88.1335341052
4.05497426681,140.00472562,151.235510756,0.825955306434,0.100684339441,95.2458128534,43.2517309391,0.71893445173,87.8720534973
4.05497426681,140.00472562,100.277776994,0.825955306434,0.100684339441,95.2458128534,43.2517309391,0.71893445173,88.0675930411
4.05497426681,140.00472562,100.277776994,0.123087721477,0.100684339441,95.2458128534,43.2517309391,0.71893445173,10.6982963304
4.05497426681,140.00472562,100.277776994,0.123087721477,0.0897048037906,95.2458128534,43.2517309391,0.71893445173,10.4919941831
4.05497426681,140.00472562,100.277776994,0.123087721477,0.0897048037906,56.5361155501,43.2517309391,0.71893445173,11.640812712
4.05497426681,140.00472562,100.277776994,0.123087721477,0.0897048037906,56.5361155501,62.4159042977,0.71893445173,11.480101438
4.05497426681,140.00472562,100.277776994,0.123087721477,0.0897048037906,56.5361155501,62.4159042977,0.789351048843,11.7299712853
78.1671129967,140.00472562,100.277776994,0.123087721477,0.0897048037906,56.5361155501,62.4159042977,0.789351048843,2.37380343257
78.1671129967,57.6757832031,100.277776994,0.123087721477,0.0897048037906,56.5361155501,62.4159042977,0.789351048843,2.00301514331
78.1671129967,57.6757832031,193.449764758,0.123087721477,0.0897048037906,56.5361155501,62.4159042977,0.789351048843,1.78869310073
78.1671129967,57.6757832031,193.449764758,0.313859670439,0.0897048037906,56.5361155501,62.4159042977,0.789351048843,47.4728261518
78.1671129967,57.6757832031,193.449764758,0.313859670439,0.146888268547,56.5361155501,62.4159042977,0.789351048843,54.3683213775
78.1671129967,57.6757832031,193.449764758,0.313859670439,0.146888268547,95.189012581,62.4159042977,0.789351048843,52.9965047622
78.1671129967,57.6757832031,193.449764758,0.313859670439,0.146888268547,95.189012581,3.37223611591,0.789351048843,54.3548224283
78.1671129967,57.6757832031,193.449764758,0.313859670439,0.146888268547,95.189012581,3.37223611591,0.71530092701,53.2195594203
66.5948853214,57.6757832031,193.449764758,0.313859670439,0.146888268547,95.189012581,3.37223611591,0.71530092701,52.8900848185
66.5948853214,16.6573195949,193.449764758,0.313859670439,0.146888268547,95.189012581,3.37223611591,0.71530092701,26.9600251298
66.5948853214,16.6573195949,33.3806325439,0.313859670439,0.146888268547,95.189012581,3.37223611591,0.71530092701,56.8510796183
66.5948853214,16.6573195949,33.3806325439,0.310936607726,0.146888268547,95.189012581,3.37223611591,0.71530092701,57.6599597516
66.5948853214,16.6573195949,33.3806325439,0.310936607726,0.177230437976,95.189012581,3.37223611591,0.71530092701,57.4630467515
66.5948853214,16.6573195949,33.3806325439,0.310936607726,0.177230437976,2.44812565085,3.37223611591,0.71530092701,78.8318673103
66.5948853214,16.6573195949,33.3806325439,0.310936607726,0.177230437976,2.44812565085,76.6636687751,0.71530092701,76.9405184178
66.5948853214,16.6573195949,33.3806325439,0.310936607726,0.177230437976,2.44812565085,76.6636687751,0.36547136822,71.613354075
17.6573220415,16.6573195949,33.3806325439,0.310936607726,0.177230437976,2.44812565085,76.6636687751,0.36547136822,53.9264541521
17.6573220415,180.685391594,33.3806325439,0.310936607726,0.177230437976,2.44812565085,76.6636687751,0.36547136822,83.4454995924
17.6573220415,180.685391594,152.519266177,0.310936607726,0.177230437976,2.44812565085,76.6636687751,0.36547136822,76.0185043327
17.6573220415,180.685391594,152.519266177,0.414352828658,0.177230437976,2.44812565085,76.6636687751,0.36547136822,85.7783976626
17.6573220415,180.685391594,152.519266177,0.414352828658,0.0585850018831,2.44812565085,76.6636687751,0.36547136822,81.5906057903
17.6573220415,180.685391594,152.519266177,0.414352828658,0.0585850018831,17.1280253688,76.6636687751,0.36547136822,77.0864496606
17.6573220415,180.685391594,152.519266177,0.414352828658,0.0585850018831,17.1280253688,51.4653601343,0.36547136822,77.7663930797
17.6573220415,180.685391594,152.519266177,0.414352828658,0.0585850018831,17.1280253688,51.4653601343,0.257707689278,76.7653741078
53.8417752123,180.685391594,152.519266177,0.414352828658,0.0585850018831,17.1280253688,51.4653601343,0.257707689278,77.326890888
53.8417752123,8.08815074649,152.519266177,0.414352828658,0.0585850018831,17.1280253688,51.4653601343,0.257707689278,41.2688730467
53.8417752123,8.08815074649,81.2134237634,0.414352828658,0.0585850018831,17.1280253688,51.4653601343,0.257707689278,42.6482165099
53.8417752123,8.08815074649,81.2134237634,0.331118232752,0.0585850018831,17.1280253688,51.4653601343,0.257707689278,19.4677837047
53.8417752123,8.08815074649,81.2134237634,0.331118232752,0.397304094619,17.1280253688,51.4653601343,0.257707689278,38.3192175107
53.8417752123,8.08815074649,81.2134237634,0.331118232752,0.397304094619,55.8024754489,51.4653601343,0.257707689278,36.8479709174
53.8417752123,8.08815074649,81.2134237634,0.331118232752,0.397304094619,55.8024754489,5.6645703366,0.257707689278,34.8324541546
53.8417752123,8.08815074649,81.2134237634,0.331118232752,0.397304094619,55.8024754489,5.6645703366,0.428303379585,50.0917682485
45.0845078872,8.08815074649,81.2134237634,0.331118232752,0.397304094619,55.8024754489,5.6645703366,0.428303379585,43.9054182426
45.0845078872,9.7096544202,81.2134237634,0.331118232752,0.397304094619,55.8024754489,5.6645703366,0.428303379585,49.1632541019
45.0845078872,9.7096544202,154.362784801,0.331118232752,0.397304094619,55.8024754489,5.6645703366,0.428303379585,37.4403640793
45.0845078872,9.7096544202,154.362784801,0.828695613377,0.397304094619,55.8024754489,5.6645703366,0.428303379585,90.0539385486
45.0845078872,9.7096544202,154.362784801,0.828695613377,0.361927833293,55.8024754489,5.6645703366,0.428303379585,87.656004375
45.0845078872,9.7096544202,154.362784801,0.828695613377,0.361927833293,10.4319872489,5.6645703366,0.428303379585,88.0337042779
45.0845078872,9.7096544202,154.362784801,0.828695613377,0.361927833293,10.4319872489,80.3335123712,0.428303379585,86.7109432682
45.0845078872,9.7096544202,154.362784801,0.828695613377,0.361927833293,10.4319872489,80.3335123712,0.977188066094,85.8991795635
64.9623437329,9.7096544202,154.362784801,0.828695613377,0.361927833293,10.4319872489,80.3335123712,0.977188066094,87.0538388533
64.9623437329,22.0674665884,154.362784801,0.828695613377,0.361927833293,10.4319872489,80.3335123712,0.977188066094,89.0225059401
64.9623437329,22.0674665884,199.248010404,0.828695613377,0.361927833293,10.4319872489,80.3335123712,0.977188066094,87.436593054
64.9623437329,22.0674665884,199.248010404,0.0941634293382,0.361927833293,10.4319872489,80.3335123712,0.977188066094,2.22175627691
64.9623437329,22.0674665884,199.248010404,0.0941634293382,0.334856674093,10.4319872489,80.3335123712,0.977188066094,2.29574002589
64.9623437329,22.0674665884,199.248010404,0.0941634293382,0.334856674093,78.5432855468,80.3335123712,0.977188066094,2.0182261992
64.9623437329,22.0674665884,199.248010404,0.0941634293382,0.334856674093,78.5432855468,95.903531738,0.977188066094,2.07263536087
64.9623437329,22.0674665884,199.248010404,0.0941634293382,0.334856674093,78.5432855468,95.903531738,0.122532612512,1.99208537302
36.2458508863,22.0674665884,199.248010404,0.0941634293382,0.334856674093,78.5432855468,95.903531738,0.122532612512,2.93584697258
36.2458508863,169.187732663,199.248010404,0.0941634293382,0.334856674093,78.5432855468,95.903531738,0.122532612512,1.83431566468
36.2458508863,169.187732663,133.501499645,0.0941634293382,0.334856674093,78.5432855468,95.903531738,0.122532612512,1.84995429372
36.2458508863,169.187732663,133.501499645,0.833529839614,0.334856674093,78.5432855468,95.903531738,0.122532612512,87.9028162143
36.2458508863,169.187732663,133.501499645,0.833529839614,0.448406301709,78.5432855468,95.903531738,0.122532612512,88.0537616766
36.2458508863,169.187732663,133.501499645,0.833529839614,0.448406301709,42.2131504394,95.903531738,0.122532612512,87.3130351194
36.2458508863,169.187732663,133.501499645,0.833529839614,0.448406301709,42.2131504394,52.4035083472,0.122532612512,87.3813323948
36.2458508863,169.187732663,133.501499645,0.833529839614,0.448406301709,42.2131504394,52.4035083472,0.963173274397,87.9366564882
9.97447573684,169.187732663,133.501499645,0.833529839614,0.448406301709,42.2131504394,52.4035083472,0.963173274397,88.2613037649
9.97447573684,95.9367389794,133.501499645,0.833529839614,0.448406301709,42.2131504394,52.4035083472,0.963173274397,87.8093590676
9.97447573684,95.9367389794,95.293623598,0.833529839614,0.448406301709,42.2131504394,52.4035083472,0.963173274397,87.7605794209
9.97447573684,95.9367389794,95.293623598,0.0275103267144,0.448406301709,42.2131504394,52.4035083472,0.963173274397,2.59136437378
9.97447573684,95.9367389794,95.293623598,0.0275103267144,0.0962690681555,42.2131504394,52.4035083472,0.963173274397,2.61229214707
9.97447573684,95.9367389794,95.293623598,0.0275103267144,0.0962690681555,83.6301294177,52.4035083472,0.963173274397,3.01885593686
9.97447573684,95.9367389794,95.293623598,0.0275103267144,0.0962690681555,83.6301294177,28.7177047908,0.963173274397,3.01600884205
9.97447573684,95.9367389794,95.293623598,0.0275103267144,0.0962690681555,83.6301294177,28.7177047908,0.0755870194702,2.98472805334
4.71735650991,95.9367389794,95.293623598,0.0275103267144,0.0962690681555,83.6301294177,28.7177047908,0.0755870194702,5.26541020338
4.71735650991,177.188979063,95.293623598,0.0275103267144,0.0962690681555,83.6301294177,28.7177047908,0.0755870194702,3.88688771562
4.71735650991,177.188979063,196.432293777,0.0275103267144,0.0962690681555,83.6301294177,28.7177047908,0.0755870194702,3.85891939993
4.71735650991,177.188979063,196.432293777,0.857778706402,0.0962690681555,83.6301294177,28.7177047908,0.0755870194702,87.9450489914
4.71735650991,177.188979063,196.432293777,0.857778706402,0.197198672135,83.6301294177,28.7177047908,0.0755870194702,87.4037778136
4.71735650991,177.188979063,196.432293777,0.857778706402,0.197198672135,84.9460783303,28.7177047908,0.0755870194702,87.5291427339
4.71735650991,177.188979063,196.432293777,0.857778706402,0.197198672135,84.9460783303,43.8437077256,0.0755870194702,87.5362190053
4.71735650991,177.188979063,196.432293777,0.857778706402,0.197198672135,84.9460783303,43.8437077256,0.238042181601,88.4938880709
93.5229021163,177.188979063,196.432293777,0.857778706402,0.197198672135,84.9460783303,43.8437077256,0.238042181601,87.6090503284
93.5229021163,94.3889057343,196.432293777,0.857778706402,0.197198672135,84.9460783303,43.8437077256,0.238042181601,87.3346552103
93.5229021163,94.3889057343,40.7032171966,0.857778706402,0.197198672135,84.9460783303,43.8437077256,0.238042181601,87.6120739163
93.5229021163,94.3889057343,40.7032171966,0.919111618419,0.197198672135,84.9460783303,43.8437077256,0.238042181601,88.2768797372
93.5229021163,94.3889057343,40.7032171966,0.919111618419,0.104149127891,84.9460783303,43.8437077256,0.238042181601,87.6951312403
93.5229021163,94.3889057343,40.7032171966,0.919111618419,0.104149127891,87.472552081,43.8437077256,0.238042181601,87.9467144741
93.5229021163,94.3889057343,40.7032171966,0.919111618419,0.104149127891,87.472552081,39.2240020118,0.238042181601,87.5661148512
93.5229021163,94.3889057343,40.7032171966,0.919111618419,0.104149127891,87.472552081,39.2240020118,0.554532792942,88.0581723429
45.8266810274,94.3889057343,40.7032171966,0.919111618419,0.104149127891,87.472552081,39.2240020118,0.554532792942,88.9833704483
45.8266810274,182.51916839,40.7032171966,0.919111618419,0.104149127891,87.472552081,39.2240020118,0.554532792942,88.3665613497
45.8266810274,182.51916839,11.8904898782,0.919111618419,0.104149127891,87.472552081,39.2240020118,0.554532792942,88.0780592112
45.8266810274,182.51916839,11.8904898782,0.771256323681,0.104149127891,87.472552081,39.2240020118,0.554532792942,88.2604858234
45.8266810274,182.51916839,11.8904898782,0.771256323681,0.383724426094,87.472552081,39.2240020118,0.554532792942,88.3237118074
45.8266810274,182.51916839,11.8904898782,0.771256323681,0.383724426094,83.3098372739,39.2240020118,0.554532792942,88.0507494175
45.8266810274,182.51916839,11.8904898782,0.771256323681,0.383724426094,83.3098372739,33.0218460061,0.554532792942,87.7176060004
45.8266810274,182.51916839,11.8904898782,0.771256323681,0.383724426094,83.3098372739,33.0218460061,0.157519464429,87.8304787993
61.5480132692,182.51916839,11.8904898782,0.771256323681,0.383724426094,83.3098372739,33.0218460061,0.157519464429,87.9604025004
61.5480132692,109.703664825,11.8904898782,0.771256323681,0.383724426094,83.3098372739,33.0218460061,0.157519464429,87.932426112
61.5480132692,109.703664825,54.3028675252,0.771256323681,0.383724426094,83.3098372739,33.0218460061,0.157519464429,88.189799196
61.5480132692,109.703664825,54.3028675252,0.723650912255,0.383724426094,83.3098372739,33.0218460061,0.157519464429,87.4546577368
61.5480132692,109.703664825,54.3028675252,0.723650912255,0.459782133792,83.3098372739,33.0218460061,0.157519464429,88.1721468471
61.5480132692,109.703664825,54.3028675252,0.723650912255,0.459782133792,59.7491753034,33.0218460061,0.157519464429,87.4913397273
61.5480132692,109.703664825,54.3028675252,0.723650912255,0.459782133792,59.7491753034,14.0420797327,0.157519464429,88.3879823161
61.5480132692,109.703664825,54.3028675252,0.723650912255,0.459782133792,59.7491753034,14.0420797327,0.510869604874,87.9407356445
80.7489661923,109.703664825,54.3028675252,0.723650912255,0.459782133792,59.7491753034,14.0420797327,0.510869604874,88.2956536883
80.7489661923,30.943997028,54.3028675252,0.723650912255,0.459782133792,59.7491753034,14.0420797327,0.510869604874,87.2986738198
80.7489661923,30.943997028,148.134403331,0.723650912255,0.459782133792,59.7491753034,14.0420797327,0.510869604874,87.2852404243
80.7489661923,30.943997028,148.134403331,0.410722302138,0.459782133792,59.7491753034,14.0420797327,0.510869604874,73.2279879947
80.7489661923,30.943997028,148.134403331,0.410722302138,0.219618836192,59.7491753034,14.0420797327,0.510869604874,73.9783787277
80.7489661923,30.943997028,148.134403331,0.410722302138,0.219618836192,16.6801500681,14.0420797327,0.510869604874,76.9722383479
80.7489661923,30.943997028,148.134403331,0.410722302138,0.219618836192,16.6801500681,86.7032545078,0.510869604874,77.5002534633
80.7489661923,30.943997028,148.134403331,0.410722302138,0.219618836192,16.6801500681,86.7032545078,0.547388485951,77.3027867999
36.0770323077,30.943997028,148.134403331,0.410722302138,0.219618836192,16.6801500681,86.7032545078,0.547388485951,77.8963595024
36.0770323077,86.8491885831,148.134403331,0.410722302138,0.219618836192,16.6801500681,86.7032545078,0.547388485951,78.5571744007
36.0770323077,86.8491885831,147.004592812,0.410722302138,0.219618836192,16.6801500681,86.7032545078,0.547388485951,78.9926979136
36.0770323077,86.8491885831,147.004592812,0.570815624109,0.219618836192,16.6801500681,86.7032545078,0.547388485951,87.490700235
36.0770323077,86.8491885831,147.004592812,0.570815624109,0.0583774848937,16.6801500681,86.7032545078,0.547388485951,87.3532845225
36.0770323077,86.8491885831,147.004592812,0.570815624109,0.0583774848937,10.8512367816,86.7032545078,0.547388485951,87.2230709973
36.0770323077,86.8491885831,147.004592812,0.570815624109,0.0583774848937,10.8512367816,11.8432680569,0.547388485951,87.2569940073
36.0770323077,86.8491885831,147.004592812,0.570815624109,0.0583774848937,10.8512367816,11.8432680569,0.757620576184,87.7527093693
48.3972858808,86.8491885831,147.004592812,0.570815624109,0.0583774848937,10.8512367816,11.8432680569,0.757620576184,88.6508143116
48.3972858808,66.0547110457,147.004592812,0.570815624109,0.0583774848937,10.8512367816,11.8432680569,0.757620576184,87.0723032317
48.3972858808,66.0547110457,167.735020721,0.570815624109,0.0583774848937,10.8512367816,11.8432680569,0.757620576184,87.8971221272
48.3972858808,66.0547110457,167.735020721,0.772803243146,0.0583774848937,10.8512367816,11.8432680569,0.757620576184,86.3500456773
48.3972858808,66.0547110457,167.735020721,0.772803243146,0.367219911316,10.8512367816,11.8432680569,0.757620576184,87.7893243291
48.3972858808,66.0547110457,167.735020721,0.772803243146,0.367219911316,29.9100922403,11.8432680569,0.757620576184,88.4537030912
48.3972858808,66.0547110457,167.735020721,0.772803243146,0.367219911316,29.9100922403,76.3868176786,0.757620576184,87.7614504131
48.3972858808,66.0547110457,167.735020721,0.772803243146,0.367219911316,29.9100922403,76.3868176786,0.868625133749,87.7195772168
73.5928481459,66.0547110457,167.735020721,0.772803243146,0.367219911316,29.9100922403,76.3868176786,0.868625133749,87.9590977465
73.5928481459,168.53622342,167.735020721,0.772803243146,0.367219911316,29.9100922403,76.3868176786,0.868625133749,88.0118313737
73.5928481459,168.53622342,125.610214941,0.772803243146,0.367219911316,29.9100922403,76.3868176786,0.868625133749,88.656375457
73.5928481459,168.53622342,125.610214941,0.751414561221,0.367219911316,29.9100922403,76.3868176786,0.868625133749,87.8273449974
73.5928481459,168.53622342,125.610214941,0.751414561221,0.354157337868,29.9100922403,76.3868176786,0.868625133749,87.7452591939
73.5928481459,168.53622342,125.610214941,0.751414561221,0.354157337868,27.4952040303,76.3868176786,0.868625133749,88.1974252982
73.5928481459,168.53622342,125.610214941,0.751414561221,0.354157337868,27.4952040303,37.1799547352,0.868625133749,88.0975895815
73.5928481459,168.53622342,125.610214941,0.751414561221,0.354157337868,27.4952040303,37.1799547352,0.476846083654,87.2323941328
85.7201825787,168.53622342,125.610214941,0.751414561221,0.354157337868,27.4952040303,37.1799547352,0.476846083654,86.7758445844
85.7201825787,149.522711888,125.610214941,0.751414561221,0.354157337868,27.4952040303,37.1799547352,0.476846083654,87.8263178052
85.7201825787,149.522711888,102.538072218,0.751414561221,0.354157337868,27.4952040303,37.1799547352,0.476846083654,87.7419210496
85.7201825787,149.522711888,102.538072218,0.880900349774,0.354157337868,27.4952040303,37.1799547352,0.476846083654,88.1052071834
85.7201825787,149.522711888,102.538072218,0.880900349774,0.30320084889,27.4952040303,37.1799547352,0.476846083654,88.0196720577
85.7201825787,149.522711888,102.538072218,0.880900349774,0.30320084889,52.1923457734,37.1799547352,0.476846083654,87.883498229
85.7201825787,149.522711888,102.538072218,0.880900349774,0.30320084889,52.1923457734,33.2470567436,0.476846083654,87.7110415307
85.7201825787,149.522711888,102.538072218,0.880900349774,0.30320084889,52.1923457734,33.2470567436,0.356177746033,87.7295622255
38.1447381757,149.522711888,102.538072218,0.880900349774,0.30320084889,52.1923457734,33.2470567436,0.356177746033,88.0819705173
38.1447381757,24.7567213828,102.538072218,0.880900349774,0.30320084889,52.1923457734,33.2470567436,0.356177746033,87.4596898068
38.1447381757,24.7567213828,11.5620882542,0.880900349774,0.30320084889,52.1923457734,33.2470567436,0.356177746033,87.8532086153
38.1447381757,24.7567213828,11.5620882542,0.563993917342,0.30320084889,52.1923457734,33.2470567436,0.356177746033,87.3349919499
38.1447381757,24.7567213828,11.5620882542,0.563993917342,0.430933587406,52.1923457734,33.2470567436,0.356177746033,85.6969955695
38.1447381757,24.7567213828,11.5620882542,0.563993917342,0.430933587406,43.3473016686,33.2470567436,0.356177746033,89.3313041768
38.1447381757,24.7567213828,11.5620882542,0.563993917342,0.430933587406,43.3473016686,10.562402878,0.356177746033,86.9778322213
38.1447381757,24.7567213828,11.5620882542,0.563993917342,0.430933587406,43.3473016686,10.562402878,0.998171985825,89.1064875218
