59.9106334479,99.7004773424,23.3226218775,0.73793309472,0.37915172064,50.1153834342,18.7984371206,0.371724002828,77.6257570803
59.9106334479,77.4847779475,23.3226218775,0.73793309472,0.37915172064,50.1153834342,18.7984371206,0.371724002828,78.7291504634
59.9106334479,77.4847779475,144.34704617,0.73793309472,0.37915172064,50.1153834342,18.7984371206,0.371724002828,77.693234188
59.9106334479,77.4847779475,144.34704617,0.421379437017,0.37915172064,50.1153834342,18.7984371206,0.371724002828,70.0765355748
59.9106334479,77.4847779475,144.34704617,0.421379437017,0.393226869815,50.1153834342,18.7984371206,0.371724002828,69.578734929
59.9106334479,77.4847779475,144.34704617,0.421379437017,0.393226869815,72.7540155977,18.7984371206,0.371724002828,69.8162870035
59.9106334479,77.4847779475,144.34704617,0.421379437017,0.393226869815,72.7540155977,55.021433528,0.371724002828,69.7851697154
59.9106334479,77.4847779475,144.34704617,0.421379437017,0.393226869815,72.7540155977,55.021433528,0.801332597391,69.4925173476
19.4177774701,77.4847779475,144.34704617,0.421379437017,0.393226869815,72.7540155977,55.021433528,0.801332597391,71.5525707956
19.4177774701,41.7157467906,144.34704617,0.421379437017,0.393226869815,72.7540155977,55.021433528,0.801332597391,70.1105904567
19.4177774701,41.7157467906,158.426484625,0.421379437017,0.393226869815,72.7540155977,55.021433528,0.801332597391,68.9555564511
19.4177774701,41.7157467906,158.426484625,0.0272207151132,0.393226869815,72.7540155977,55.021433528,0.801332597391,2.30064266997
19.4177774701,41.7157467906,158.426484625,0.0272207151132,0.391650465912,72.7540155977,55.021433528,0.801332597391,2.26152258328
19.4177774701,41.7157467906,158.426484625,0.0272207151132,0.391650465912,14.4328138004,55.021433528,0.801332597391,2.30398371281
19.4177774701,41.7157467906,158.426484625,0.0272207151132,0.391650465912,14.4328138004,2.23639284819,0.801332597391,2.66938484344
19.4177774701,41.7157467906,158.426484625,0.0272207151132,0.391650465912,14.4328138004,2.23639284819,0.184039401712,2.28303204807
9.72531873324,41.7157467906,158.426484625,0.0272207151132,0.391650465912,14.4328138004,2.23639284819,0.184039401712,5.91309886218
9.72531873324,145.122027141,158.426484625,0.0272207151132,0.391650465912,14.4328138004,2.23639284819,0.184039401712,2.20855613927
9.72531873324,145.122027141,100.0762152,0.0272207151132,0.391650465912,14.4328138004,2.23639284819,0.184039401712,2.05774701068
9.72531873324,145.122027141,100.0762152,0.816773748051,0.391650465912,14.4328138004,2.23639284819,0.184039401712,77.8186887474
9.72531873324,145.122027141,100.0762152,0.816773748051,0.309620540449,14.4328138004,2.23639284819,0.184039401712,77.5799127494
9.72531873324,145.122027141,100.0762152,0.816773748051,0.309620540449,75.2188682853,2.23639284819,0.184039401712,77.9600751094
9.72531873324,145.122027141,100.0762152,0.816773748051,0.309620540449,75.2188682853,12.9401285883,0.184039401712,78.689846875
9.72531873324,145.122027141,100.0762152,0.816773748051,0.309620540449,75.2188682853,12.9401285883,0.846353276366,78.6923544807
84.6075048784,145.122027141,100.0762152,0.816773748051,0.309620540449,75.2188682853,12.9401285883,0.846353276366,78.6033866986
84.6075048784,143.415396326,100.0762152,0.816773748051,0.309620540449,75.2188682853,12.9401285883,0.846353276366,77.9075167316
84.6075048784,143.415396326,11.7889260912,0.816773748051,0.309620540449,75.2188682853,12.9401285883,0.846353276366,78.8203111137
84.6075048784,143.415396326,11.7889260912,0.852729668835,0.309620540449,75.2188682853,12.9401285883,0.846353276366,78.7185293588
84.6075048784,143.415396326,11.7889260912,0.852729668835,0.262435561174,75.2188682853,12.9401285883,0.846353276366,78.0233907843
84.6075048784,143.415396326,11.7889260912,0.852729668835,0.262435561174,96.5077354999,12.9401285883,0.846353276366,78.24844645
84.6075048784,143.415396326,11.7889260912,0.852729668835,0.262435561174,96.5077354999,0.732415843686,0.846353276366,0.0
84.6075048784,143.415396326,11.7889260912,0.852729668835,0.262435561174,96.5077354999,0.732415843686,0.755239751037,0.0
83.6968255694,143.415396326,11.7889260912,0.852729668835,0.262435561174,96.5077354999,0.732415843686,0.755239751037,0.0
83.6968255694,165.757026493,11.7889260912,0.852729668835,0.262435561174,96.5077354999,0.732415843686,0.755239751037,0.0
83.6968255694,165.757026493,74.3341224998,0.852729668835,0.262435561174,96.5077354999,0.732415843686,0.755239751037,0.0
83.6968255694,165.757026493,74.3341224998,0.529767599567,0.262435561174,96.5077354999,0.732415843686,0.755239751037,0.0
83.6968255694,165.757026493,74.3341224998,0.529767599567,0.149048421901,96.5077354999,0.732415843686,0.755239751037,0.0
83.6968255694,165.757026493,74.3341224998,0.529767599567,0.149048421901,21.457227107,0.732415843686,0.755239751037,0.0
83.6968255694,165.757026493,74.3341224998,0.529767599567,0.149048421901,21.457227107,65.0561567464,0.755239751037,78.4844308976
83.6968255694,165.757026493,74.3341224998,0.529767599567,0.149048421901,21.457227107,65.0561567464,0.954978074431,78.6819640518
39.5320794356,165.757026493,74.3341224998,0.529767599567,0.149048421901,21.457227107,65.0561567464,0.954978074431,78.3233619373
39.5320794356,29.7865226336,74.3341224998,0.529767599567,0.149048421901,21.457227107,65.0561567464,0.954978074431,77.2891215977
39.5320794356,29.7865226336,20.5404242325,0.529767599567,0.149048421901,21.457227107,65.0561567464,0.954978074431,78.8349180762
39.5320794356,29.7865226336,20.5404242325,0.29927000116,0.149048421901,21.457227107,65.0561567464,0.954978074431,59.2224467992
39.5320794356,29.7865226336,20.5404242325,0.29927000116,0.180139108647,21.457227107,65.0561567464,0.954978074431,60.5090391294
39.5320794356,29.7865226336,20.5404242325,0.29927000116,0.180139108647,90.7620474746,65.0561567464,0.954978074431,52.5238177106
39.5320794356,29.7865226336,20.5404242325,0.29927000116,0.180139108647,90.7620474746,40.3271703925,0.954978074431,54.3659015234
39.5320794356,29.7865226336,20.5404242325,0.29927000116,0.180139108647,90.7620474746,40.3271703925,0.464544102142,51.955418076
38.1303517161,29.7865226336,20.5404242325,0.29927000116,0.180139108647,90.7620474746,40.3271703925,0.464544102142,49.7710580061
38.1303517161,126.080132549,20.5404242325,0.29927000116,0.180139108647,90.7620474746,40.3271703925,0.464544102142,55.1128889792
38.1303517161,126.080132549,91.3008974309,0.29927000116,0.180139108647,90.7620474746,40.3271703925,0.464544102142,51.3642596752
38.1303517161,126.080132549,91.3008974309,0.072825366536,0.180139108647,90.7620474746,40.3271703925,0.464544102142,1.87990383313
38.1303517161,126.080132549,91.3008974309,0.072825366536,0.469012614316,90.7620474746,40.3271703925,0.464544102142,1.78680692642
38.1303517161,126.080132549,91.3008974309,0.072825366536,0.469012614316,46.4574699036,40.3271703925,0.464544102142,1.28005746097
38.1303517161,126.080132549,91.3008974309,0.072825366536,0.469012614316,46.4574699036,68.4264855803,0.464544102142,1.28740341817
38.1303517161,126.080132549,91.3008974309,0.072825366536,0.469012614316,46.4574699036,68.4264855803,0.321016133836,1.29578510525
91.8569188758,126.080132549,91.3008974309,0.072825366536,0.469012614316,46.4574699036,68.4264855803,0.321016133836,0.870323603822
91.8569188758,104.523497491,91.3008974309,0.072825366536,0.469012614316,46.4574699036,68.4264855803,0.321016133836,0.887405162255
91.8569188758,104.523497491,140.391580647,0.072825366536,0.469012614316,46.4574699036,68.4264855803,0.321016133836,0.912340036625
91.8569188758,104.523497491,140.391580647,0.905291254944,0.469012614316,46.4574699036,68.4264855803,0.321016133836,77.8939798849
91.8569188758,104.523497491,140.391580647,0.905291254944,0.152564262743,46.4574699036,68.4264855803,0.321016133836,78.616500725
91.8569188758,104.523497491,140.391580647,0.905291254944,0.152564262743,47.7223842398,68.4264855803,0.321016133836,78.1829695959
91.8569188758,104.523497491,140.391580647,0.905291254944,0.152564262743,47.7223842398,49.9555175552,0.321016133836,77.8542241717
91.8569188758,104.523497491,140.391580647,0.905291254944,0.152564262743,47.7223842398,49.9555175552,0.363667877916,78.7234285732
67.6630130512,104.523497491,140.391580647,0.905291254944,0.152564262743,47.7223842398,49.9555175552,0.363667877916,79.1148834637
67.6630130512,187.354871415,140.391580647,0.905291254944,0.152564262743,47.7223842398,49.9555175552,0.363667877916,78.0482877671
67.6630130512,187.354871415,113.5047599,0.905291254944,0.152564262743,47.7223842398,49.9555175552,0.363667877916,78.0709774349
67.6630130512,187.354871415,113.5047599,0.886065543715,0.152564262743,47.7223842398,49.9555175552,0.363667877916,78.5461856388
67.6630130512,187.354871415,113.5047599,0.886065543715,0.38520039289,47.7223842398,49.9555175552,0.363667877916,78.3635962239
67.6630130512,187.354871415,113.5047599,0.886065543715,0.38520039289,5.47204899592,49.9555175552,0.363667877916,78.7542598571
67.6630130512,187.354871415,113.5047599,0.886065543715,0.38520039289,5.47204899592,46.2647078101,0.363667877916,78.553193802
67.6630130512,187.354871415,113.5047599,0.886065543715,0.38520039289,5.47204899592,46.2647078101,0.943811930984,78.2864592209
1.16126771815,187.354871415,113.5047599,0.886065543715,0.38520039289,5.47204899592,46.2647078101,0.943811930984,76.3327712397
1.16126771815,21.116042547,113.5047599,0.886065543715,0.38520039289,5.47204899592,46.2647078101,0.943811930984,0.0
1.16126771815,21.116042547,30.3473916192,0.886065543715,0.38520039289,5.47204899592,46.2647078101,0.943811930984,0.0
1.16126771815,21.116042547,30.3473916192,0.682323621423,0.38520039289,5.47204899592,46.2647078101,0.943811930984,0.0
1.16126771815,21.116042547,30.3473916192,0.682323621423,0.175929440944,5.47204899592,46.2647078101,0.943811930984,0.0
1.16126771815,21.116042547,30.3473916192,0.682323621423,0.175929440944,1.92132693781,46.2647078101,0.943811930984,0.0
1.16126771815,21.116042547,30.3473916192,0.682323621423,0.175929440944,1.92132693781,71.4856740491,0.943811930984,0.0
1.16126771815,21.116042547,30.3473916192,0.682323621423,0.175929440944,1.92132693781,71.4856740491,0.648878442581,0.0
57.184935647,21.116042547,30.3473916192,0.682323621423,0.175929440944,1.92132693781,71.4856740491,0.648878442581,75.6567354161
57.184935647,44.8742562301,30.3473916192,0.682323621423,0.175929440944,1.92132693781,71.4856740491,0.648878442581,77.8000880501
57.184935647,44.8742562301,165.735920475,0.682323621423,0.175929440944,1.92132693781,71.4856740491,0.648878442581,77.1786398801
57.184935647,44.8742562301,165.735920475,0.14572314887,0.175929440944,1.92132693781,71.4856740491,0.648878442581,5.23674872043
57.184935647,44.8742562301,165.735920475,0.14572314887,0.242101671566,1.92132693781,71.4856740491,0.648878442581,4.68540202479
57.184935647,44.8742562301,165.735920475,0.14572314887,0.242101671566,50.9104060009,71.4856740491,0.648878442581,2.97067731471
57.184935647,44.8742562301,165.735920475,0.14572314887,0.242101671566,50.9104060009,35.2983165682,0.648878442581,3.02687369903
57.184935647,44.8742562301,165.735920475,0.14572314887,0.242101671566,50.9104060009,35.2983165682,0.119921526365,2.75658771764
45.0063683864,44.8742562301,165.735920475,0.14572314887,0.242101671566,50.9104060009,35.2983165682,0.119921526365,3.06816541293
45.0063683864,1.67166165231,165.735920475,0.14572314887,0.242101671566,50.9104060009,35.2983165682,0.119921526365,4.38976727018
45.0063683864,1.67166165231,178.583990678,0.14572314887,0.242101671566,50.9104060009,35.2983165682,0.119921526365,3.29794631421
45.0063683864,1.67166165231,178.583990678,0.43253987401,0.242101671566,50.9104060009,35.2983165682,0.119921526365,17.4140758022
45.0063683864,1.67166165231,178.583990678,0.43253987401,0.102447125882,50.9104060009,35.2983165682,0.119921526365,23.046950293
45.0063683864,1.67166165231,178.583990678,0.43253987401,0.102447125882,73.1956405591,35.2983165682,0.119921526365,24.8123712792
45.0063683864,1.67166165231,178.583990678,0.43253987401,0.102447125882,73.1956405591,57.1744653545,0.119921526365,32.668335819
45.0063683864,1.67166165231,178.583990678,0.43253987401,0.102447125882,73.1956405591,57.1744653545,0.173705403522,23.892931136
16.4825208633,1.67166165231,178.583990678,0.43253987401,0.102447125882,73.1956405591,57.1744653545,0.173705403522,0.0
16.4825208633,6.28917125739,178.583990678,0.43253987401,0.102447125882,73.1956405591,57.1744653545,0.173705403522,43.8518670516
16.4825208633,6.28917125739,77.089597568,0.43253987401,0.102447125882,73.1956405591,57.1744653545,0.173705403522,46.0264424927
16.4825208633,6.28917125739,77.089597568,0.650742783776,0.102447125882,73.1956405591,57.1744653545,0.173705403522,74.1898121694
16.4825208633,6.28917125739,77.089597568,0.650742783776,0.00452438274948,73.1956405591,57.1744653545,0.173705403522,48.3970841318
16.4825208633,6.28917125739,77.089597568,0.650742783776,0.00452438274948,74.0838610547,57.1744653545,0.173705403522,50.6049860399
16.4825208633,6.28917125739,77.089597568,0.650742783776,0.00452438274948,74.0838610547,35.8339767776,0.173705403522,47.7023483159
16.4825208633,6.28917125739,77.089597568,0.650742783776,0.00452438274948,74.0838610547,35.8339767776,0.19833270066,48.9861254332
94.9727915615,6.28917125739,77.089597568,0.650742783776,0.00452438274948,74.0838610547,35.8339767776,0.19833270066,59.1778229145
94.9727915615,80.3030769844,77.089597568,0.650742783776,0.00452438274948,74.0838610547,35.8339767776,0.19833270066,74.6338595807
94.9727915615,80.3030769844,122.77013476,0.650742783776,0.00452438274948,74.0838610547,35.8339767776,0.19833270066,73.0290401384
94.9727915615,80.3030769844,122.77013476,0.934797219143,0.00452438274948,74.0838610547,35.8339767776,0.19833270066,77.9479854727
94.9727915615,80.3030769844,122.77013476,0.934797219143,0.479421160607,74.0838610547,35.8339767776,0.19833270066,77.1722213215
94.9727915615,80.3030769844,122.77013476,0.934797219143,0.479421160607,4.75311781371,35.8339767776,0.19833270066,78.2080458305
94.9727915615,80.3030769844,122.77013476,0.934797219143,0.479421160607,4.75311781371,21.8832934551,0.19833270066,78.0014071094
94.9727915615,80.3030769844,122.77013476,0.934797219143,0.479421160607,4.75311781371,21.8832934551,0.231673888697,76.3723309666
76.8581009078,80.3030769844,122.77013476,0.934797219143,0.479421160607,4.75311781371,21.8832934551,0.231673888697,78.6118288403
76.8581009078,182.203829182,122.77013476,0.934797219143,0.479421160607,4.75311781371,21.8832934551,0.231673888697,78.2097434372
76.8581009078,182.203829182,120.863754361,0.934797219143,0.479421160607,4.75311781371,21.8832934551,0.231673888697,78.0778079566
76.8581009078,182.203829182,120.863754361,0.861314866894,0.479421160607,4.75311781371,21.8832934551,0.231673888697,78.8398175816
76.8581009078,182.203829182,120.863754361,0.861314866894,0.481502094661,4.75311781371,21.8832934551,0.231673888697,77.7647960852
76.8581009078,182.203829182,120.863754361,0.861314866894,0.481502094661,48.3338892412,21.8832934551,0.231673888697,78.4096358241
76.8581009078,182.203829182,120.863754361,0.861314866894,0.481502094661,48.3338892412,29.159047985,0.231673888697,78.734532278
76.8581009078,182.203829182,120.863754361,0.861314866894,0.481502094661,48.3338892412,29.159047985,0.618503504472,77.8729599487
91.9219101464,182.203829182,120.863754361,0.861314866894,0.481502094661,48.3338892412,29.159047985,0.618503504472,78.7750317997
91.9219101464,129.029745394,120.863754361,0.861314866894,0.481502094661,48.3338892412,29.159047985,0.618503504472,78.2088435202
91.9219101464,129.029745394,53.6656693046,0.861314866894,0.481502094661,48.3338892412,29.159047985,0.618503504472,78.2497500386
91.9219101464,129.029745394,53.6656693046,0.522005518942,0.481502094661,48.3338892412,29.159047985,0.618503504472,78.6287741516
91.9219101464,129.029745394,53.6656693046,0.522005518942,0.317841506883,48.3338892412,29.159047985,0.618503504472,78.665599073
91.9219101464,129.029745394,53.6656693046,0.522005518942,0.317841506883,14.5942781322,29.159047985,0.618503504472,78.0223948465
91.9219101464,129.029745394,53.6656693046,0.522005518942,0.317841506883,14.5942781322,93.7118107546,0.618503504472,78.2277289178
91.9219101464,129.029745394,53.6656693046,0.522005518942,0.317841506883,14.5942781322,93.7118107546,0.679622696354,78.4828427554
14.3183472164,129.029745394,53.6656693046,0.522005518942,0.317841506883,14.5942781322,93.7118107546,0.679622696354,76.9210445117
14.3183472164,107.821407836,53.6656693046,0.522005518942,0.317841506883,14.5942781322,93.7118107546,0.679622696354,78.3592177184
14.3183472164,107.821407836,187.953259945,0.522005518942,0.317841506883,14.5942781322,93.7118107546,0.679622696354,78.5351261281
14.3183472164,107.821407836,187.953259945,0.713438508842,0.317841506883,14.5942781322,93.7118107546,0.679622696354,78.3109160328
14.3183472164,107.821407836,187.953259945,0.713438508842,0.328932243022,14.5942781322,93.7118107546,0.679622696354,78.7424073497
14.3183472164,107.821407836,187.953259945,0.713438508842,0.328932243022,71.9612462375,93.7118107546,0.679622696354,77.928113422
14.3183472164,107.821407836,187.953259945,0.713438508842,0.328932243022,71.9612462375,23.9690408707,0.679622696354,78.0874867589
14.3183472164,107.821407836,187.953259945,0.713438508842,0.328932243022,71.9612462375,23.9690408707,0.0560796899529,78.9913031641
80.336254805,107.821407836,187.953259945,0.713438508842,0.328932243022,71.9612462375,23.9690408707,0.0560796899529,78.8277564094
80.336254805,157.239455377,187.953259945,0.713438508842,0.328932243022,71.9612462375,23.9690408707,0.0560796899529,78.180364458
80.336254805,157.239455377,53.7577315645,0.713438508842,0.328932243022,71.9612462375,23.9690408707,0.0560796899529,77.7483756486
80.336254805,157.239455377,53.7577315645,0.645418596572,0.328932243022,71.9612462375,23.9690408707,0.0560796899529,78.6793605193
80.336254805,157.239455377,53.7577315645,0.645418596572,0.245788784924,71.9612462375,23.9690408707,0.0560796899529,77.9756337243
80.336254805,157.239455377,53.7577315645,0.645418596572,0.245788784924,55.9218332462,23.9690408707,0.0560796899529,78.3078115452
80.336254805,157.239455377,53.7577315645,0.645418596572,0.245788784924,55.9218332462,82.0559048667,0.0560796899529,78.3228871455
80.336254805,157.239455377,53.7577315645,0.645418596572,0.245788784924,55.9218332462,82.0559048667,0.413039062633,78.3836400986
75.0907589008,157.239455377,53.7577315645,0.645418596572,0.245788784924,55.9218332462,82.0559048667,0.413039062633,78.5238925842
75.0907589008,5.96481600455,53.7577315645,0.645418596572,0.245788784924,55.9218332462,82.0559048667,0.413039062633,74.3234635014
75.0907589008,5.96481600455,72.6670218946,0.645418596572,0.245788784924,55.9218332462,82.0559048667,0.413039062633,81.4828326086
75.0907589008,5.96481600455,72.6670218946,0.0216303384412,0.245788784924,55.9218332462,82.0559048667,0.413039062633,1.25371501101
75.0907589008,5.96481600455,72.6670218946,0.0216303384412,0.313950054058,55.9218332462,82.0559048667,0.413039062633,1.39964496132
75.0907589008,5.96481600455,72.6670218946,0.0216303384412,0.313950054058,16.3697239693,82.0559048667,0.413039062633,1.30595882689
75.0907589008,5.96481600455,72.6670218946,0.0216303384412,0.313950054058,16.3697239693,45.7407485134,0.413039062633,1.22468169393
75.0907589008,5.96481600455,72.6670218946,0.0216303384412,0.313950054058,16.3697239693,45.7407485134,0.639048804513,1.03374649399
48.0725458372,5.96481600455,72.6670218946,0.0216303384412,0.313950054058,16.3697239693,45.7407485134,0.639048804513,3.53644468968
48.0725458372,86.8954693168,72.6670218946,0.0216303384412,0.313950054058,16.3697239693,45.7407485134,0.639048804513,0.581426784774
48.0725458372,86.8954693168,92.4186486108,0.0216303384412,0.313950054058,16.3697239693,45.7407485134,0.639048804513,0.574184448567
48.0725458372,86.8954693168,92.4186486108,0.540441747067,0.313950054058,16.3697239693,45.7407485134,0.639048804513,78.9263615113
48.0725458372,86.8954693168,92.4186486108,0.540441747067,0.352480842513,16.3697239693,45.7407485134,0.639048804513,78.6547806435
48.0725458372,86.8954693168,92.4186486108,0.540441747067,0.352480842513,75.1499796859,45.7407485134,0.639048804513,78.2371736698
48.0725458372,86.8954693168,92.4186486108,0.540441747067,0.352480842513,75.1499796859,97.2777622253,0.639048804513,79.0729580666
48.0725458372,86.8954693168,92.4186486108,0.540441747067,0.352480842513,75.1499796859,97.2777622253,0.312467684441,79.1767995273
11.9642533285,86.8954693168,92.4186486108,0.540441747067,0.352480842513,75.1499796859,97.2777622253,0.312467684441,77.9813756504
11.9642533285,18.9161001937,92.4186486108,0.540441747067,0.352480842513,75.1499796859,97.2777622253,0.312467684441,76.2652392356
11.9642533285,18.9161001937,66.6505866497,0.540441747067,0.352480842513,75.1499796859,97.2777622253,0.312467684441,78.5023997306
11.9642533285,18.9161001937,66.6505866497,0.648784721055,0.352480842513,75.1499796859,97.2777622253,0.312467684441,77.3155367174
11.9642533285,18.9161001937,66.6505866497,0.648784721055,0.482811583018,75.1499796859,97.2777622253,0.312467684441,77.3479777932
11.9642533285,18.9161001937,66.6505866497,0.648784721055,0.482811583018,81.3479172392,97.2777622253,0.312467684441,79.828757733
11.9642533285,18.9161001937,66.6505866497,0.648784721055,0.482811583018,81.3479172392,17.8280456372,0.312467684441,81.0886478576
11.9642533285,18.9161001937,66.6505866497,0.648784721055,0.482811583018,81.3479172392,17.8280456372,0.664626806696,80.0255155805
43.7257874371,18.9161001937,66.6505866497,0.648784721055,0.482811583018,81.3479172392,17.8280456372,0.664626806696,77.0134110321
43.7257874371,65.1791771588,66.6505866497,0.648784721055,0.482811583018,81.3479172392,17.8280456372,0.664626806696,77.1857787362
43.7257874371,65.1791771588,69.337761208,0.648784721055,0.482811583018,81.3479172392,17.8280456372,0.664626806696,77.1185551872
43.7257874371,65.1791771588,69.337761208,0.00631906884739,0.482811583018,81.3479172392,17.8280456372,0.664626806696,1.44796442367
43.7257874371,65.1791771588,69.337761208,0.00631906884739,0.0809139906847,81.3479172392,17.8280456372,0.664626806696,1.45196512371
43.7257874371,65.1791771588,69.337761208,0.00631906884739,0.0809139906847,9.30028438969,17.8280456372,0.664626806696,0.409016736929
43.7257874371,65.1791771588,69.337761208,0.00631906884739,0.0809139906847,9.30028438969,13.4689922244,0.664626806696,0.392321869199
43.7257874371,65.1791771588,69.337761208,0.00631906884739,0.0809139906847,9.30028438969,13.4689922244,0.753888243437,0.417516881386
94.9927054234,65.1791771588,69.337761208,0.00631906884739,0.0809139906847,9.30028438969,13.4689922244,0.753888243437,0.285197732913
94.9927054234,88.7547751673,69.337761208,0.00631906884739,0.0809139906847,9.30028438969,13.4689922244,0.753888243437,0.277021367414
94.9927054234,88.7547751673,117.287726271,0.00631906884739,0.0809139906847,9.30028438969,13.4689922244,0.753888243437,0.281892581697
94.9927054234,88.7547751673,117.287726271,0.611329487882,0.0809139906847,9.30028438969,13.4689922244,0.753888243437,78.1831627209
94.9927054234,88.7547751673,117.287726271,0.611329487882,0.0139341797882,9.30028438969,13.4689922244,0.753888243437,77.0327867576
94.9927054234,88.7547751673,117.287726271,0.611329487882,0.0139341797882,92.8542699325,13.4689922244,0.753888243437,78.7216875708
94.9927054234,88.7547751673,117.287726271,0.611329487882,0.0139341797882,92.8542699325,87.1753157354,0.753888243437,77.3795220552
94.9927054234,88.7547751673,117.287726271,0.611329487882,0.0139341797882,92.8542699325,87.1753157354,0.98839998217,77.2747056762
16.5600744014,88.7547751673,117.287726271,0.611329487882,0.0139341797882,92.8542699325,87.1753157354,0.98839998217,68.8467395902
16.5600744014,45.3771167221,117.287726271,0.611329487882,0.0139341797882,92.8542699325,87.1753157354,0.98839998217,64.2998139634
16.5600744014,45.3771167221,160.883158047,0.611329487882,0.0139341797882,92.8542699325,87.1753157354,0.98839998217,60.6515569707
16.5600744014,45.3771167221,160.883158047,0.000636805022337,0.0139341797882,92.8542699325,87.1753157354,0.98839998217,2.1989152923
16.5600744014,45.3771167221,160.883158047,0.000636805022337,0.0562024125878,92.8542699325,87.1753157354,0.98839998217,2.09163643681
16.5600744014,45.3771167221,160.883158047,0.000636805022337,0.0562024125878,40.8387375361,87.1753157354,0.98839998217,1.18000076969
16.5600744014,45.3771167221,160.883158047,0.000636805022337,0.0562024125878,40.8387375361,77.2536956779,0.98839998217,1.11123358604
16.5600744014,45.3771167221,160.883158047,0.000636805022337,0.0562024125878,40.8387375361,77.2536956779,0.961271384553,1.19820853858
22.8809427831,45.3771167221,160.883158047,0.000636805022337,0.0562024125878,40.8387375361,77.2536956779,0.961271384553,1.07992728514
22.8809427831,190.609086407,160.883158047,0.000636805022337,0.0562024125878,40.8387375361,77.2536956779,0.961271384553,1.0837144967
22.8809427831,190.609086407,124.203344163,0.000636805022337,0.0562024125878,40.8387375361,77.2536956779,0.961271384553,1.06661356784
22.8809427831,190.609086407,124.203344163,0.0906019746818,0.0562024125878,40.8387375361,77.2536956779,0.961271384553,2.42240435182
22.8809427831,190.609086407,124.203344163,0.0906019746818,0.379647452,40.8387375361,77.2536956779,0.961271384553,1.70904597547
22.8809427831,190.609086407,124.203344163,0.0906019746818,0.379647452,53.807602962,77.2536956779,0.961271384553,1.87175409638
22.8809427831,190.609086407,124.203344163,0.0906019746818,0.379647452,53.807602962,63.2517614768,0.961271384553,1.91066243312
22.8809427831,190.609086407,124.203344163,0.0906019746818,0.379647452,53.807602962,63.2517614768,0.844575969916,1.87594989663
51.6311392907,190.609086407,124.203344163,0.0906019746818,0.379647452,53.807602962,63.2517614768,0.844575969916,1.25522995092
51.6311392907,103.326489739,124.203344163,0.0906019746818,0.379647452,53.807602962,63.2517614768,0.844575969916,1.37428819741
51.6311392907,103.326489739,160.389925964,0.0906019746818,0.379647452,53.807602962,63.2517614768,0.844575969916,1.34920130074
51.6311392907,103.326489739,160.389925964,0.419597786764,0.379647452,53.807602962,63.2517614768,0.844575969916,70.571788394
51.6311392907,103.326489739,160.389925964,0.419597786764,0.0687585134956,53.807602962,63.2517614768,0.844575969916,69.4420784727
51.6311392907,103.326489739,160.389925964,0.419597786764,0.0687585134956,40.4695194865,63.2517614768,0.844575969916,70.1485285706
51.6311392907,103.326489739,160.389925964,0.419597786764,0.0687585134956,40.4695194865,89.6870906042,0.844575969916,70.4162499076
51.6311392907,103.326489739,160.389925964,0.419597786764,0.0687585134956,40.4695194865,89.6870906042,0.00870345518152,33.8781487803
38.0186216005,103.326489739,160.389925964,0.419597786764,0.0687585134956,40.4695194865,89.6870906042,0.00870345518152,41.6511160057
38.0186216005,19.4990481615,160.389925964,0.419597786764,0.0687585134956,40.4695194865,89.6870906042,0.00870345518152,32.4699189091
38.0186216005,19.4990481615,79.2328455353,0.419597786764,0.0687585134956,40.4695194865,89.6870906042,0.00870345518152,30.0345868492
38.0186216005,19.4990481615,79.2328455353,0.955604221759,0.0687585134956,40.4695194865,89.6870906042,0.00870345518152,79.0987713839
38.0186216005,19.4990481615,79.2328455353,0.955604221759,0.209515307787,40.4695194865,89.6870906042,0.00870345518152,78.7344758367
38.0186216005,19.4990481615,79.2328455353,0.955604221759,0.209515307787,45.0497333855,89.6870906042,0.00870345518152,79.6489817136
38.0186216005,19.4990481615,79.2328455353,0.955604221759,0.209515307787,45.0497333855,60.1650929124,0.00870345518152,79.0284509692
38.0186216005,19.4990481615,79.2328455353,0.955604221759,0.209515307787,45.0497333855,60.1650929124,0.08837620284,79.8681951553
82.3113198187,19.4990481615,79.2328455353,0.955604221759,0.209515307787,45.0497333855,60.1650929124,0.08837620284,77.7684426602
82.3113198187,113.231190939,79.2328455353,0.955604221759,0.209515307787,45.0497333855,60.1650929124,0.08837620284,78.9848541459
82.3113198187,113.231190939,168.687425381,0.955604221759,0.209515307787,45.0497333855,60.1650929124,0.08837620284,78.3225407662
82.3113198187,113.231190939,168.687425381,0.271515292027,0.209515307787,45.0497333855,60.1650929124,0.08837620284,11.29043531
82.3113198187,113.231190939,168.687425381,0.271515292027,0.401707151114,45.0497333855,60.1650929124,0.08837620284,28.5749757274
82.3113198187,113.231190939,168.687425381,0.271515292027,0.401707151114,58.7347654331,60.1650929124,0.08837620284,29.1966465186
82.3113198187,113.231190939,168.687425381,0.271515292027,0.401707151114,58.7347654331,26.3123473874,0.08837620284,29.0237038888
82.3113198187,113.231190939,168.687425381,0.271515292027,0.401707151114,58.7347654331,26.3123473874,0.426048940134,49.6724620437
48.7173347731,113.231190939,168.687425381,0.271515292027,0.401707151114,58.7347654331,26.3123473874,0.426048940134,49.8226625748
48.7173347731,64.1460253598,168.687425381,0.271515292027,0.401707151114,58.7347654331,26.3123473874,0.426048940134,46.237352414
48.7173347731,64.1460253598,4.65222599866,0.271515292027,0.401707151114,58.7347654331,26.3123473874,0.426048940134,55.6445444212
48.7173347731,64.1460253598,4.65222599866,0.884168756554,0.401707151114,58.7347654331,26.3123473874,0.426048940134,79.5087100895
48.7173347731,64.1460253598,4.65222599866,0.884168756554,0.0231194645237,58.7347654331,26.3123473874,0.426048940134,78.526533053
48.7173347731,64.1460253598,4.65222599866,0.884168756554,0.0231194645237,36.7941315333,26.3123473874,0.426048940134,78.4638727275
48.7173347731,64.1460253598,4.65222599866,0.884168756554,0.0231194645237,36.7941315333,77.7493163972,0.426048940134,77.7321255238
48.7173347731,64.1460253598,4.65222599866,0.884168756554,0.0231194645237,36.7941315333,77.7493163972,0.568917019454,78.1644869078
52.1101221254,64.1460253598,4.65222599866,0.884168756554,0.0231194645237,36.7941315333,77.7493163972,0.568917019454,78.857633981
52.1101221254,151.428477277,4.65222599866,0.884168756554,0.0231194645237,36.7941315333,77.7493163972,0.568917019454,78.4351591535
52.1101221254,151.428477277,3.01842755929,0.884168756554,0.0231194645237,36.7941315333,77.7493163972,0.568917019454,78.3872045631
52.1101221254,151.428477277,3.01842755929,0.0618054017085,0.0231194645237,36.7941315333,77.7493163972,0.568917019454,5.21101980567
52.1101221254,151.428477277,3.01842755929,0.0618054017085,0.331054045228,36.7941315333,77.7493163972,0.568917019454,0.932964249244
52.1101221254,151.428477277,3.01842755929,0.0618054017085,0.331054045228,23.1790509372,77.7493163972,0.568917019454,0.759830170364
52.1101221254,151.428477277,3.01842755929,0.0618054017085,0.331054045228,23.1790509372,13.2811678985,0.568917019454,0.765976847402
52.1101221254,151.428477277,3.01842755929,0.0618054017085,0.331054045228,23.1790509372,13.2811678985,0.966654663339,0.760794458737
16.7027556038,151.428477277,3.01842755929,0.0618054017085,0.331054045228,23.1790509372,13.2811678985,0.966654663339,1.74616204312
16.7027556038,65.4996506603,3.01842755929,0.0618054017085,0.331054045228,23.1790509372,13.2811678985,0.966654663339,2.9635469221
16.7027556038,65.4996506603,178.278454146,0.0618054017085,0.331054045228,23.1790509372,13.2811678985,0.966654663339,2.75330716607
16.7027556038,65.4996506603,178.278454146,0.134915143015,0.331054045228,23.1790509372,13.2811678985,0.966654663339,5.94085833774
16.7027556038,65.4996506603,178.278454146,0.134915143015,0.331517966796,23.1790509372,13.2811678985,0.966654663339,5.97510672076
16.7027556038,65.4996506603,178.278454146,0.134915143015,0.331517966796,82.5122236774,13.2811678985,0.966654663339,5.0200318292
16.7027556038,65.4996506603,178.278454146,0.134915143015,0.331517966796,82.5122236774,3.17205294379,0.966654663339,5.13317749509
16.7027556038,65.4996506603,178.278454146,0.134915143015,0.331517966796,82.5122236774,3.17205294379,0.556929789342,5.04788513143
75.5534362257,65.4996506603,178.278454146,0.134915143015,0.331517966796,82.5122236774,3.17205294379,0.556929789342,2.16369372473
75.5534362257,197.677006712,178.278454146,0.134915143015,0.331517966796,82.5122236774,3.17205294379,0.556929789342,2.12947686181
75.5534362257,197.677006712,73.0990428765,0.134915143015,0.331517966796,82.5122236774,3.17205294379,0.556929789342,2.31027007037
75.5534362257,197.677006712,73.0990428765,0.205956734492,0.331517966796,82.5122236774,3.17205294379,0.556929789342,39.716660706
75.5534362257,197.677006712,73.0990428765,0.205956734492,0.494177414681,82.5122236774,3.17205294379,0.556929789342,12.2129078325
75.5534362257,197.677006712,73.0990428765,0.205956734492,0.494177414681,70.0522216993,3.17205294379,0.556929789342,11.6640796266
75.5534362257,197.677006712,73.0990428765,0.205956734492,0.494177414681,70.0522216993,96.8994386748,0.556929789342,11.261605353
75.5534362257,197.677006712,73.0990428765,0.205956734492,0.494177414681,70.0522216993,96.8994386748,0.269204583226,11.458663799
53.0504322201,197.677006712,73.0990428765,0.205956734492,0.494177414681,70.0522216993,96.8994386748,0.269204583226,13.3079223529
53.0504322201,84.6444227809,73.0990428765,0.205956734492,0.494177414681,70.0522216993,96.8994386748,0.269204583226,8.9104749171
53.0504322201,84.6444227809,140.921805368,0.205956734492,0.494177414681,70.0522216993,96.8994386748,0.269204583226,8.13722793363
53.0504322201,84.6444227809,140.921805368,0.659845270739,0.494177414681,70.0522216993,96.8994386748,0.269204583226,79.0077701692
53.0504322201,84.6444227809,140.921805368,0.659845270739,0.279219372069,70.0522216993,96.8994386748,0.269204583226,78.7331826931
53.0504322201,84.6444227809,140.921805368,0.659845270739,0.279219372069,91.1818550797,96.8994386748,0.269204583226,78.6861174639
53.0504322201,84.6444227809,140.921805368,0.659845270739,0.279219372069,91.1818550797,82.4246676075,0.269204583226,77.9531870208
53.0504322201,84.6444227809,140.921805368,0.659845270739,0.279219372069,91.1818550797,82.4246676075,0.992943159532,77.7935291138
50.657186804,84.6444227809,140.921805368,0.659845270739,0.279219372069,91.1818550797,82.4246676075,0.992943159532,77.8984566252
50.657186804,75.5673921652,140.921805368,0.659845270739,0.279219372069,91.1818550797,82.4246676075,0.992943159532,79.0087340982
50.657186804,75.5673921652,19.1303765738,0.659845270739,0.279219372069,91.1818550797,82.4246676075,0.992943159532,78.1958913651
50.657186804,75.5673921652,19.1303765738,0.0886114210534,0.279219372069,91.1818550797,82.4246676075,0.992943159532,1.89314115149
50.657186804,75.5673921652,19.1303765738,0.0886114210534,0.092979761823,91.1818550797,82.4246676075,0.992943159532,2.2871832677
50.657186804,75.5673921652,19.1303765738,0.0886114210534,0.092979761823,63.5747351727,82.4246676075,0.992943159532,2.08328666833
50.657186804,75.5673921652,19.1303765738,0.0886114210534,0.092979761823,63.5747351727,15.303389905,0.992943159532,1.94788224042
50.657186804,75.5673921652,19.1303765738,0.0886114210534,0.092979761823,63.5747351727,15.303389905,0.00115571430007,1.42743333809
28.8432588114,75.5673921652,19.1303765738,0.0886114210534,0.092979761823,63.5747351727,15.303389905,0.00115571430007,1.90923047059
28.8432588114,169.588992699,19.1303765738,0.0886114210534,0.092979761823,63.5747351727,15.303389905,0.00115571430007,1.65260129131
28.8432588114,169.588992699,138.005566414,0.0886114210534,0.092979761823,63.5747351727,15.303389905,0.00115571430007,1.64348793349
28.8432588114,169.588992699,138.005566414,0.54463689217,0.092979761823,63.5747351727,15.303389905,0.00115571430007,78.4571929736
28.8432588114,169.588992699,138.005566414,0.54463689217,0.410063554153,63.5747351727,15.303389905,0.00115571430007,77.8201692663
28.8432588114,169.588992699,138.005566414,0.54463689217,0.410063554153,89.9640625392,15.303389905,0.00115571430007,77.75892683
28.8432588114,169.588992699,138.005566414,0.54463689217,0.410063554153,89.9640625392,64.8974237424,0.00115571430007,78.4122308295
28.8432588114,169.588992699,138.005566414,0.54463689217,0.410063554153,89.9640625392,64.8974237424,0.259792497635,78.7912663893
89.85472101,169.588992699,138.005566414,0.54463689217,0.410063554153,89.9640625392,64.8974237424,0.259792497635,78.14120367
89.85472101,99.5941199664,138.005566414,0.54463689217,0.410063554153,89.9640625392,64.8974237424,0.259792497635,78.4716967642
89.85472101,99.5941199664,45.222645895,0.54463689217,0.410063554153,89.9640625392,64.8974237424,0.259792497635,78.5238998163
89.85472101,99.5941199664,45.222645895,0.572630147356,0.410063554153,89.9640625392,64.8974237424,0.259792497635,79.0938704647
89.85472101,99.5941199664,45.222645895,0.572630147356,0.0487075426961,89.9640625392,64.8974237424,0.259792497635,78.3943463367
89.85472101,99.5941199664,45.222645895,0.572630147356,0.0487075426961,50.5491148575,64.8974237424,0.259792497635,77.6929345932
89.85472101,99.5941199664,45.222645895,0.572630147356,0.0487075426961,50.5491148575,40.6723827989,0.259792497635,78.7773420594
89.85472101,99.5941199664,45.222645895,0.572630147356,0.0487075426961,50.5491148575,40.6723827989,0.7600885535,78.2969979828
58.3533914753,99.5941199664,45.222645895,0.572630147356,0.0487075426961,50.5491148575,40.6723827989,0.7600885535,77.8522225304
58.3533914753,42.046035364,45.222645895,0.572630147356,0.0487075426961,50.5491148575,40.6723827989,0.7600885535,76.9578209681
58.3533914753,42.046035364,191.050021936,0.572630147356,0.0487075426961,50.5491148575,40.6723827989,0.7600885535,77.8621538096
58.3533914753,42.046035364,191.050021936,0.357244189579,0.0487075426961,50.5491148575,40.6723827989,0.7600885535,31.0317200755
58.3533914753,42.046035364,191.050021936,0.357244189579,0.384748411834,50.5491148575,40.6723827989,0.7600885535,63.845789989
58.3533914753,42.046035364,191.050021936,0.357244189579,0.384748411834,88.6710392353,40.6723827989,0.7600885535,60.5335081741
58.3533914753,42.046035364,191.050021936,0.357244189579,0.384748411834,88.6710392353,53.3127996486,0.7600885535,62.381430422
58.3533914753,42.046035364,191.050021936,0.357244189579,0.384748411834,88.6710392353,53.3127996486,0.0137006141974,9.0445992309
72.3575662873,42.046035364,191.050021936,0.357244189579,0.384748411834,88.6710392353,53.3127996486,0.0137006141974,8.61389859634
72.3575662873,53.7942450262,191.050021936,0.357244189579,0.384748411834,88.6710392353,53.3127996486,0.0137006141974,9.06801442146
72.3575662873,53.7942450262,20.7430007262,0.357244189579,0.384748411834,88.6710392353,53.3127996486,0.0137006141974,33.0500633416
72.3575662873,53.7942450262,20.7430007262,0.287655772748,0.384748411834,88.6710392353,53.3127996486,0.0137006141974,13.645742394
72.3575662873,53.7942450262,20.7430007262,0.287655772748,0.24648276098,88.6710392353,53.3127996486,0.0137006141974,8.8146834576
72.3575662873,53.7942450262,20.7430007262,0.287655772748,0.24648276098,46.9486822082,53.3127996486,0.0137006141974,9.84648594914
72.3575662873,53.7942450262,20.7430007262,0.287655772748,0.24648276098,46.9486822082,50.6432116791,0.0137006141974,10.4497264201
72.3575662873,53.7942450262,20.7430007262,0.287655772748,0.24648276098,46.9486822082,50.6432116791,0.821153679249,55.1785375633
79.2917657888,53.7942450262,20.7430007262,0.287655772748,0.24648276098,46.9486822082,50.6432116791,0.821153679249,54.8616011074
79.2917657888,139.508562354,20.7430007262,0.287655772748,0.24648276098,46.9486822082,50.6432116791,0.821153679249,54.7095893786
79.2917657888,139.508562354,172.004426594,0.287655772748,0.24648276098,46.9486822082,50.6432116791,0.821153679249,54.5047637693
79.2917657888,139.508562354,172.004426594,0.361892286112,0.24648276098,46.9486822082,50.6432116791,0.821153679249,63.3414068165
79.2917657888,139.508562354,172.004426594,0.361892286112,0.476511212265,46.9486822082,50.6432116791,0.821153679249,63.6651762008
79.2917657888,139.508562354,172.004426594,0.361892286112,0.476511212265,9.06451485685,50.6432116791,0.821153679249,69.2207161624
79.2917657888,139.508562354,172.004426594,0.361892286112,0.476511212265,9.06451485685,41.2996531125,0.821153679249,68.0718856332
79.2917657888,139.508562354,172.004426594,0.361892286112,0.476511212265,9.06451485685,41.2996531125,0.608175437045,68.3282688951
19.4144812484,139.508562354,172.004426594,0.361892286112,0.476511212265,9.06451485685,41.2996531125,0.608175437045,73.4561680746
19.4144812484,109.58511685,172.004426594,0.361892286112,0.476511212265,9.06451485685,41.2996531125,0.608175437045,73.5886811253
19.4144812484,109.58511685,126.854277676,0.361892286112,0.476511212265,9.06451485685,41.2996531125,0.608175437045,73.3152094895
19.4144812484,109.58511685,126.854277676,0.762879493134,0.476511212265,9.06451485685,41.2996531125,0.608175437045,79.2691379566
19.4144812484,109.58511685,126.854277676,0.762879493134,0.468475478827,9.06451485685,41.2996531125,0.608175437045,78.3804855463
19.4144812484,109.58511685,126.854277676,0.762879493134,0.468475478827,90.1451681865,41.2996531125,0.608175437045,78.1888092814
19.4144812484,109.58511685,126.854277676,0.762879493134,0.468475478827,90.1451681865,74.9126174895,0.608175437045,78.5823341338
19.4144812484,109.58511685,126.854277676,0.762879493134,0.468475478827,90.1451681865,74.9126174895,0.292353801078,78.0732355481
58.8211293625,109.58511685,126.854277676,0.762879493134,0.468475478827,90.1451681865,74.9126174895,0.292353801078,78.8372902631
58.8211293625,26.9820469182,126.854277676,0.762879493134,0.468475478827,90.1451681865,74.9126174895,0.292353801078,75.7421175747
58.8211293625,26.9820469182,25.1267166293,0.762879493134,0.468475478827,90.1451681865,74.9126174895,0.292353801078,78.9609073944
58.8211293625,26.9820469182,25.1267166293,0.113698195899,0.468475478827,90.1451681865,74.9126174895,0.292353801078,2.60057918677
58.8211293625,26.9820469182,25.1267166293,0.113698195899,0.263905581341,90.1451681865,74.9126174895,0.292353801078,2.78115033923
58.8211293625,26.9820469182,25.1267166293,0.113698195899,0.263905581341,46.88463677,74.9126174895,0.292353801078,2.56815789989
58.8211293625,26.9820469182,25.1267166293,0.113698195899,0.263905581341,46.88463677,67.3619299808,0.292353801078,2.52759881088
58.8211293625,26.9820469182,25.1267166293,0.113698195899,0.263905581341,46.88463677,67.3619299808,0.397829426329,2.37543529144
33.0464832865,26.9820469182,25.1267166293,0.113698195899,0.263905581341,46.88463677,67.3619299808,0.397829426329,4.30283310091
33.0464832865,49.4206292103,25.1267166293,0.113698195899,0.263905581341,46.88463677,67.3619299808,0.397829426329,2.91250792658
33.0464832865,49.4206292103,74.1319594397,0.113698195899,0.263905581341,46.88463677,67.3619299808,0.397829426329,2.7213944926
33.0464832865,49.4206292103,74.1319594397,0.153600652221,0.263905581341,46.88463677,67.3619299808,0.397829426329,5.45605930513
33.0464832865,49.4206292103,74.1319594397,0.153600652221,0.182989622693,46.88463677,67.3619299808,0.397829426329,5.88015040478
33.0464832865,49.4206292103,74.1319594397,0.153600652221,0.182989622693,56.1250737934,67.3619299808,0.397829426329,5.86532484033
33.0464832865,49.4206292103,74.1319594397,0.153600652221,0.182989622693,56.1250737934,39.2443386782,0.397829426329,5.63440299433
33.0464832865,49.4206292103,74.1319594397,0.153600652221,0.182989622693,56.1250737934,39.2443386782,0.846016942929,6.0843449793
21.0668813021,49.4206292103,74.1319594397,0.153600652221,0.182989622693,56.1250737934,39.2443386782,0.846016942929,7.66112468583
21.0668813021,96.1425489292,74.1319594397,0.153600652221,0.182989622693,56.1250737934,39.2443386782,0.846016942929,7.76416524356
21.0668813021,96.1425489292,145.846533278,0.153600652221,0.182989622693,56.1250737934,39.2443386782,0.846016942929,6.28113535064
21.0668813021,96.1425489292,145.846533278,0.968543950057,0.182989622693,56.1250737934,39.2443386782,0.846016942929,78.7884904411
21.0668813021,96.1425489292,145.846533278,0.968543950057,0.157671288069,56.1250737934,39.2443386782,0.846016942929,78.5761154231
21.0668813021,96.1425489292,145.846533278,0.968543950057,0.157671288069,3.44165595926,39.2443386782,0.846016942929,78.455796225
21.0668813021,96.1425489292,145.846533278,0.968543950057,0.157671288069,3.44165595926,59.1260278405,0.846016942929,77.6314807323
21.0668813021,96.1425489292,145.846533278,0.968543950057,0.157671288069,3.44165595926,59.1260278405,0.407499391745,78.2370311406
97.3549594459,96.1425489292,145.846533278,0.968543950057,0.157671288069,3.44165595926,59.1260278405,0.407499391745,78.1190356929
97.3549594459,192.525829577,145.846533278,0.968543950057,0.157671288069,3.44165595926,59.1260278405,0.407499391745,78.6750126147
97.3549594459,192.525829577,180.939976485,0.968543950057,0.157671288069,3.44165595926,59.1260278405,0.407499391745,78.4586876617
97.3549594459,192.525829577,180.939976485,0.163448072588,0.157671288069,3.44165595926,59.1260278405,0.407499391745,17.9115420913
97.3549594459,192.525829577,180.939976485,0.163448072588,0.139200267088,3.44165595926,59.1260278405,0.407499391745,16.9666184737
97.3549594459,192.525829577,180.939976485,0.163448072588,0.139200267088,81.5430165761,59.1260278405,0.407499391745,8.17332721481
97.3549594459,192.525829577,180.939976485,0.163448072588,0.139200267088,81.5430165761,69.1062094294,0.407499391745,7.76501955555
97.3549594459,192.525829577,180.939976485,0.163448072588,0.139200267088,81.5430165761,69.1062094294,0.086365120515,2.60165760241
65.3010761138,192.525829577,180.939976485,0.163448072588,0.139200267088,81.5430165761,69.1062094294,0.086365120515,2.73401186257
65.3010761138,64.6736108305,180.939976485,0.163448072588,0.139200267088,81.5430165761,69.1062094294,0.086365120515,2.43255451186
65.3010761138,64.6736108305,37.2101216599,0.163448072588,0.139200267088,81.5430165761,69.1062094294,0.086365120515,3.65656483264
65.3010761138,64.6736108305,37.2101216599,0.897713322537,0.139200267088,81.5430165761,69.1062094294,0.086365120515,78.1320779521
65.3010761138,64.6736108305,37.2101216599,0.897713322537,0.429023705339,81.5430165761,69.1062094294,0.086365120515,78.4479267256
65.3010761138,64.6736108305,37.2101216599,0.897713322537,0.429023705339,63.3980846205,69.1062094294,0.086365120515,78.0321424407
65.3010761138,64.6736108305,37.2101216599,0.897713322537,0.429023705339,63.3980846205,9.2311278335,0.086365120515,78.2505473421
65.3010761138,64.6736108305,37.2101216599,0.897713322537,0.429023705339,63.3980846205,9.2311278335,0.632097331075,78.340481668
57.8031921222,64.6736108305,37.2101216599,0.897713322537,0.429023705339,63.3980846205,9.2311278335,0.632097331075,79.0738438096
57.8031921222,150.589529006,37.2101216599,0.897713322537,0.429023705339,63.3980846205,9.2311278335,0.632097331075,78.8973520282
57.8031921222,150.589529006,178.580951498,0.897713322537,0.429023705339,63.3980846205,9.2311278335,0.632097331075,77.7388985911
57.8031921222,150.589529006,178.580951498,0.156437834424,0.429023705339,63.3980846205,9.2311278335,0.632097331075,2.67750100587
57.8031921222,150.589529006,178.580951498,0.156437834424,0.28375325716,63.3980846205,9.2311278335,0.632097331075,3.31083232425
57.8031921222,150.589529006,178.580951498,0.156437834424,0.28375325716,19.5416223884,9.2311278335,0.632097331075,3.5506507722
57.8031921222,150.589529006,178.580951498,0.156437834424,0.28375325716,19.5416223884,82.8990901361,0.632097331075,3.05516449656
57.8031921222,150.589529006,178.580951498,0.156437834424,0.28375325716,19.5416223884,82.8990901361,0.595280214393,3.44573870424
29.0584687896,150.589529006,178.580951498,0.156437834424,0.28375325716,19.5416223884,82.8990901361,0.595280214393,4.80217878294
29.0584687896,17.7557649287,178.580951498,0.156437834424,0.28375325716,19.5416223884,82.8990901361,0.595280214393,11.1024017023
29.0584687896,17.7557649287,83.4824895409,0.156437834424,0.28375325716,19.5416223884,82.8990901361,0.595280214393,12.4859550367
29.0584687896,17.7557649287,83.4824895409,0.831882334282,0.28375325716,19.5416223884,82.8990901361,0.595280214393,78.5640863825
29.0584687896,17.7557649287,83.4824895409,0.831882334282,0.356683404222,19.5416223884,82.8990901361,0.595280214393,78.7513860047
29.0584687896,17.7557649287,83.4824895409,0.831882334282,0.356683404222,89.2370744857,82.8990901361,0.595280214393,78.901422435
29.0584687896,17.7557649287,83.4824895409,0.831882334282,0.356683404222,89.2370744857,10.6859270005,0.595280214393,78.132279121
29.0584687896,17.7557649287,83.4824895409,0.831882334282,0.356683404222,89.2370744857,10.6859270005,0.11016354657,78.1352514096
57.8053632487,17.7557649287,83.4824895409,0.831882334282,0.356683404222,89.2370744857,10.6859270005,0.11016354657,76.4047275369
57.8053632487,85.5572127968,83.4824895409,0.831882334282,0.356683404222,89.2370744857,10.6859270005,0.11016354657,78.6336535961
57.8053632487,85.5572127968,178.076871861,0.831882334282,0.356683404222,89.2370744857,10.6859270005,0.11016354657,77.9712515922
57.8053632487,85.5572127968,178.076871861,0.0728145650773,0.356683404222,89.2370744857,10.6859270005,0.11016354657,1.57326723826
57.8053632487,85.5572127968,178.076871861,0.0728145650773,0.388006120983,89.2370744857,10.6859270005,0.11016354657,1.5723138727
57.8053632487,85.5572127968,178.076871861,0.0728145650773,0.388006120983,49.1231928085,10.6859270005,0.11016354657,1.16495057609
57.8053632487,85.5572127968,178.076871861,0.0728145650773,0.388006120983,49.1231928085,10.1187395115,0.11016354657,1.15951359352
57.8053632487,85.5572127968,178.076871861,0.0728145650773,0.388006120983,49.1231928085,10.1187395115,0.420512228,1.14535726506
57.4310366056,85.5572127968,178.076871861,0.0728145650773,0.388006120983,49.1231928085,10.1187395115,0.420512228,1.15543267788
57.4310366056,95.5882951278,178.076871861,0.0728145650773,0.388006120983,49.1231928085,10.1187395115,0.420512228,1.1364770114
57.4310366056,95.5882951278,95.8031694382,0.0728145650773,0.388006120983,49.1231928085,10.1187395115,0.420512228,1.14935401548
57.4310366056,95.5882951278,95.8031694382,0.820541729011,0.388006120983,49.1231928085,10.1187395115,0.420512228,78.1009937974
57.4310366056,95.5882951278,95.8031694382,0.820541729011,0.39230858745,49.1231928085,10.1187395115,0.420512228,77.9444012918
57.4310366056,95.5882951278,95.8031694382,0.820541729011,0.39230858745,53.3495290854,10.1187395115,0.420512228,78.8163660842
57.4310366056,95.5882951278,95.8031694382,0.820541729011,0.39230858745,53.3495290854,19.1597293543,0.420512228,80.0042161213
57.4310366056,95.5882951278,95.8031694382,0.820541729011,0.39230858745,53.3495290854,19.1597293543,0.794172109627,78.6755924118
44.8964408473,95.5882951278,95.8031694382,0.820541729011,0.39230858745,53.3495290854,19.1597293543,0.794172109627,77.8199177127
44.8964408473,138.094117805,95.8031694382,0.820541729011,0.39230858745,53.3495290854,19.1597293543,0.794172109627,78.1329460335
44.8964408473,138.094117805,22.0513090178,0.820541729011,0.39230858745,53.3495290854,19.1597293543,0.794172109627,79.093560332
44.8964408473,138.094117805,22.0513090178,0.394198930991,0.39230858745,53.3495290854,19.1597293543,0.794172109627,69.034187843
44.8964408473,138.094117805,22.0513090178,0.394198930991,0.201310719521,53.3495290854,19.1597293543,0.794172109627,67.5741302099
44.8964408473,138.094117805,22.0513090178,0.394198930991,0.201310719521,69.6220227884,19.1597293543,0.794172109627,67.4952215352
44.8964408473,138.094117805,22.0513090178,0.394198930991,0.201310719521,69.6220227884,65.353733959,0.794172109627,67.4040475401
44.8964408473,138.094117805,22.0513090178,0.394198930991,0.201310719521,69.6220227884,65.353733959,0.429547227251,67.3681317107
32.7168622194,138.094117805,22.0513090178,0.394198930991,0.201310719521,69.6220227884,65.353733959,0.429547227251,67.3620746742
32.7168622194,117.369261757,22.0513090178,0.394198930991,0.201310719521,69.6220227884,65.353733959,0.429547227251,67.5807329213
32.7168622194,117.369261757,112.107672053,0.394198930991,0.201310719521,69.6220227884,65.353733959,0.429547227251,66.9815404586
32.7168622194,117.369261757,112.107672053,0.87021633159,0.201310719521,69.6220227884,65.353733959,0.429547227251,78.5481996056
32.7168622194,117.369261757,112.107672053,0.87021633159,0.309247105179,69.6220227884,65.353733959,0.429547227251,78.7343473732
32.7168622194,117.369261757,112.107672053,0.87021633159,0.309247105179,40.2232411241,65.353733959,0.429547227251,78.6388790947
32.7168622194,117.369261757,112.107672053,0.87021633159,0.309247105179,40.2232411241,24.3289651269,0.429547227251,78.4273310835
32.7168622194,117.369261757,112.107672053,0.87021633159,0.309247105179,40.2232411241,24.3289651269,0.180702837879,78.9330706756
96.4924963806,117.369261757,112.107672053,0.87021633159,0.309247105179,40.2232411241,24.3289651269,0.180702837879,78.579539486
96.4924963806,103.228182927,112.107672053,0.87021633159,0.309247105179,40.2232411241,24.3289651269,0.180702837879,78.3608188429
96.4924963806,103.228182927,77.2912404207,0.87021633159,0.309247105179,40.2232411241,24.3289651269,0.180702837879,78.6820546442
96.4924963806,103.228182927,77.2912404207,0.257961090711,0.309247105179,40.2232411241,24.3289651269,0.180702837879,45.5760167927
96.4924963806,103.228182927,77.2912404207,0.257961090711,0.353225194305,40.2232411241,24.3289651269,0.180702837879,47.7980028054
96.4924963806,103.228182927,77.2912404207,0.257961090711,0.353225194305,59.1547308727,24.3289651269,0.180702837879,44.8713205816
96.4924963806,103.228182927,77.2912404207,0.257961090711,0.353225194305,59.1547308727,45.1785271441,0.180702837879,45.3822197809
96.4924963806,103.228182927,77.2912404207,0.257961090711,0.353225194305,59.1547308727,45.1785271441,0.420784892142,49.3863511245
66.518762061,103.228182927,77.2912404207,0.257961090711,0.353225194305,59.1547308727,45.1785271441,0.420784892142,48.2121232126
66.518762061,119.006932006,77.2912404207,0.257961090711,0.353225194305,59.1547308727,45.1785271441,0.420784892142,50.4694853222
66.518762061,119.006932006,57.727648918,0.257961090711,0.353225194305,59.1547308727,45.1785271441,0.420784892142,49.9938133836
66.518762061,119.006932006,57.727648918,0.732476206897,0.353225194305,59.1547308727,45.1785271441,0.420784892142,77.8917885113
66.518762061,119.006932006,57.727648918,0.732476206897,0.122539368987,59.1547308727,45.1785271441,0.420784892142,79.0901184896
66.518762061,119.006932006,57.727648918,0.732476206897,0.122539368987,30.4911774617,45.1785271441,0.420784892142,78.7947694406
66.518762061,119.006932006,57.727648918,0.732476206897,0.122539368987,30.4911774617,85.8058428601,0.420784892142,77.9409804019
66.518762061,119.006932006,57.727648918,0.732476206897,0.122539368987,30.4911774617,85.8058428601,0.417160541907,78.2541672637
16.8856230549,119.006932006,57.727648918,0.732476206897,0.122539368987,30.4911774617,85.8058428601,0.417160541907,78.3503441642
16.8856230549,11.2040420545,57.727648918,0.732476206897,0.122539368987,30.4911774617,85.8058428601,0.417160541907,79.1160282326
16.8856230549,11.2040420545,44.1483870603,0.732476206897,0.122539368987,30.4911774617,85.8058428601,0.417160541907,76.644585572
16.8856230549,11.2040420545,44.1483870603,0.461706336051,0.122539368987,30.4911774617,85.8058428601,0.417160541907,71.1184910642
16.8856230549,11.2040420545,44.1483870603,0.461706336051,0.460187941769,30.4911774617,85.8058428601,0.417160541907,76.9296120674
16.8856230549,11.2040420545,44.1483870603,0.461706336051,0.460187941769,92.3084705177,85.8058428601,0.417160541907,72.1276536185
16.8856230549,11.2040420545,44.1483870603,0.461706336051,0.460187941769,92.3084705177,14.0598634735,0.417160541907,72.0068715205
16.8856230549,11.2040420545,44.1483870603,0.461706336051,0.460187941769,92.3084705177,14.0598634735,0.174092095601,66.9863145775
9.23077941665,11.2040420545,44.1483870603,0.461706336051,0.460187941769,92.3084705177,14.0598634735,0.174092095601,70.7096290008
9.23077941665,67.0980280279,44.1483870603,0.461706336051,0.460187941769,92.3084705177,14.0598634735,0.174092095601,74.436391522
9.23077941665,67.0980280279,32.6678390245,0.461706336051,0.460187941769,92.3084705177,14.0598634735,0.174092095601,75.1278902969
9.23077941665,67.0980280279,32.6678390245,0.565921576351,0.460187941769,92.3084705177,14.0598634735,0.174092095601,79.3203061274
9.23077941665,67.0980280279,32.6678390245,0.565921576351,0.0777791271897,92.3084705177,14.0598634735,0.174092095601,77.5078671597
9.23077941665,67.0980280279,32.6678390245,0.565921576351,0.0777791271897,83.6998431624,14.0598634735,0.174092095601,77.249041793
9.23077941665,67.0980280279,32.6678390245,0.565921576351,0.0777791271897,83.6998431624,87.9239942265,0.174092095601,77.2356822081
9.23077941665,67.0980280279,32.6678390245,0.565921576351,0.0777791271897,83.6998431624,87.9239942265,0.275888278154,77.6011023044
47.9389357625,67.0980280279,32.6678390245,0.565921576351,0.0777791271897,83.6998431624,87.9239942265,0.275888278154,79.0471120302
47.9389357625,26.9214867413,32.6678390245,0.565921576351,0.0777791271897,83.6998431624,87.9239942265,0.275888278154,78.4462777502
47.9389357625,26.9214867413,1.86387546564,0.565921576351,0.0777791271897,83.6998431624,87.9239942265,0.275888278154,77.5605834701
47.9389357625,26.9214867413,1.86387546564,0.022291873157,0.0777791271897,83.6998431624,87.9239942265,0.275888278154,1.65015779901
47.9389357625,26.9214867413,1.86387546564,0.022291873157,0.462166166819,83.6998431624,87.9239942265,0.275888278154,1.63205462047
47.9389357625,26.9214867413,1.86387546564,0.022291873157,0.462166166819,11.8494515648,87.9239942265,0.275888278154,0.893360904611
47.9389357625,26.9214867413,1.86387546564,0.022291873157,0.462166166819,11.8494515648,70.1019640885,0.275888278154,0.842341548667
47.9389357625,26.9214867413,1.86387546564,0.022291873157,0.462166166819,11.8494515648,70.1019640885,0.20063946632,1.01992963694
26.417187926,26.9214867413,1.86387546564,0.022291873157,0.462166166819,11.8494515648,70.1019640885,0.20063946632,2.46849253391
26.417187926,184.08280601,1.86387546564,0.022291873157,0.462166166819,11.8494515648,70.1019640885,0.20063946632,0.634249930317
26.417187926,184.08280601,121.542786828,0.022291873157,0.462166166819,11.8494515648,70.1019640885,0.20063946632,0.631536455804
26.417187926,184.08280601,121.542786828,0.354675908579,0.462166166819,11.8494515648,70.1019640885,0.20063946632,70.3359452545
26.417187926,184.08280601,121.542786828,0.354675908579,0.311672175195,11.8494515648,70.1019640885,0.20063946632,68.4706795195
26.417187926,184.08280601,121.542786828,0.354675908579,0.311672175195,26.7442147322,70.1019640885,0.20063946632,64.8406813126
26.417187926,184.08280601,121.542786828,0.354675908579,0.311672175195,26.7442147322,0.924456570755,0.20063946632,0.0
26.417187926,184.08280601,121.542786828,0.354675908579,0.311672175195,26.7442147322,0.924456570755,0.537732698143,0.0
92.9691477986,184.08280601,121.542786828,0.354675908579,0.311672175195,26.7442147322,0.924456570755,0.537732698143,0.0
92.9691477986,66.3403109814,121.542786828,0.354675908579,0.311672175195,26.7442147322,0.924456570755,0.537732698143,0.0
92.9691477986,66.3403109814,136.8565592,0.354675908579,0.311672175195,26.7442147322,0.924456570755,0.537732698143,0.0
92.9691477986,66.3403109814,136.8565592,0.235761357044,0.311672175195,26.7442147322,0.924456570755,0.537732698143,0.0
92.9691477986,66.3403109814,136.8565592,0.235761357044,0.444900122869,26.7442147322,0.924456570755,0.537732698143,0.0
92.9691477986,66.3403109814,136.8565592,0.235761357044,0.444900122869,26.0390951398,0.924456570755,0.537732698143,0.0
92.9691477986,66.3403109814,136.8565592,0.235761357044,0.444900122869,26.0390951398,68.6094325871,0.537732698143,41.8016039756
92.9691477986,66.3403109814,136.8565592,0.235761357044,0.444900122869,26.0390951398,68.6094325871,0.353856011416,38.4204511217
45.081144345,66.3403109814,136.8565592,0.235761357044,0.444900122869,26.0390951398,68.6094325871,0.353856011416,32.4650120295
45.081144345,153.402070743,136.8565592,0.235761357044,0.444900122869,26.0390951398,68.6094325871,0.353856011416,45.6458161701
45.081144345,153.402070743,88.3668430195,0.235761357044,0.444900122869,26.0390951398,68.6094325871,0.353856011416,48.1590015835
45.081144345,153.402070743,88.3668430195,0.0933705264514,0.444900122869,26.0390951398,68.6094325871,0.353856011416,1.07498080319
45.081144345,153.402070743,88.3668430195,0.0933705264514,0.055344890759,26.0390951398,68.6094325871,0.353856011416,1.44549003643
45.081144345,153.402070743,88.3668430195,0.0933705264514,0.055344890759,87.4427160598,68.6094325871,0.353856011416,2.10427577703
45.081144345,153.402070743,88.3668430195,0.0933705264514,0.055344890759,87.4427160598,85.3622598919,0.353856011416,2.0998429853
45.081144345,153.402070743,88.3668430195,0.0933705264514,0.055344890759,87.4427160598,85.3622598919,0.435427257457,2.14881245477
60.0426572249,153.402070743,88.3668430195,0.0933705264514,0.055344890759,87.4427160598,85.3622598919,0.435427257457,1.98124502811
60.0426572249,146.728100732,88.3668430195,0.0933705264514,0.055344890759,87.4427160598,85.3622598919,0.435427257457,2.00587347493
60.0426572249,146.728100732,137.480192288,0.0933705264514,0.055344890759,87.4427160598,85.3622598919,0.435427257457,1.85019966992
60.0426572249,146.728100732,137.480192288,0.0984222732475,0.055344890759,87.4427160598,85.3622598919,0.435427257457,1.87886036039
60.0426572249,146.728100732,137.480192288,0.0984222732475,0.461289095089,87.4427160598,85.3622598919,0.435427257457,1.61930457995
60.0426572249,146.728100732,137.480192288,0.0984222732475,0.461289095089,79.4462053375,85.3622598919,0.435427257457,1.55812590962
60.0426572249,146.728100732,137.480192288,0.0984222732475,0.461289095089,79.4462053375,54.0353646147,0.435427257457,1.55248528599
60.0426572249,146.728100732,137.480192288,0.0984222732475,0.461289095089,79.4462053375,54.0353646147,0.241174152506,1.58285603781
75.6115191584,146.728100732,137.480192288,0.0984222732475,0.461289095089,79.4462053375,54.0353646147,0.241174152506,1.43005061667
75.6115191584,6.30582042769,137.480192288,0.0984222732475,0.461289095089,79.4462053375,54.0353646147,0.241174152506,3.20468094836
75.6115191584,6.30582042769,166.846026364,0.0984222732475,0.461289095089,79.4462053375,54.0353646147,0.241174152506,3.47164248057
75.6115191584,6.30582042769,166.846026364,0.0402364095417,0.461289095089,79.4462053375,54.0353646147,0.241174152506,1.49388021626
75.6115191584,6.30582042769,166.846026364,0.0402364095417,0.355829662303,79.4462053375,54.0353646147,0.241174152506,1.68734065505
75.6115191584,6.30582042769,166.846026364,0.0402364095417,0.355829662303,39.7672963386,54.0353646147,0.241174152506,1.88448433449
75.6115191584,6.30582042769,166.846026364,0.0402364095417,0.355829662303,39.7672963386,15.6411668039,0.241174152506,1.47581323152
75.6115191584,6.30582042769,166.846026364,0.0402364095417,0.355829662303,39.7672963386,15.6411668039,0.622128899538,1.32690855544
12.9172980917,6.30582042769,166.846026364,0.0402364095417,0.355829662303,39.7672963386,15.6411668039,0.622128899538,10.742371553
12.9172980917,197.782104826,166.846026364,0.0402364095417,0.355829662303,39.7672963386,15.6411668039,0.622128899538,1.71779213451
12.9172980917,197.782104826,53.6876158622,0.0402364095417,0.355829662303,39.7672963386,15.6411668039,0.622128899538,1.71186686365
12.9172980917,197.782104826,53.6876158622,0.0680532460504,0.355829662303,39.7672963386,15.6411668039,0.622128899538,2.14320607448
12.9172980917,197.782104826,53.6876158622,0.0680532460504,0.0378345820872,39.7672963386,15.6411668039,0.622128899538,2.65338259645
12.9172980917,197.782104826,53.6876158622,0.0680532460504,0.0378345820872,34.308036393,15.6411668039,0.622128899538,2.61538257515
12.9172980917,197.782104826,53.6876158622,0.0680532460504,0.0378345820872,34.308036393,39.8405200147,0.622128899538,2.64224554741
12.9172980917,197.782104826,53.6876158622,0.0680532460504,0.0378345820872,34.308036393,39.8405200147,0.32991603123,2.24982782013
42.5847834682,197.782104826,53.6876158622,0.0680532460504,0.0378345820872,34.308036393,39.8405200147,0.32991603123,1.22962454702
42.5847834682,11.7096734983,53.6876158622,0.0680532460504,0.0378345820872,34.308036393,39.8405200147,0.32991603123,3.38050036273
42.5847834682,11.7096734983,91.4911782346,0.0680532460504,0.0378345820872,34.308036393,39.8405200147,0.32991603123,3.18785203633
42.5847834682,11.7096734983,91.4911782346,0.645686294814,0.0378345820872,34.308036393,39.8405200147,0.32991603123,77.281815928
42.5847834682,11.7096734983,91.4911782346,0.645686294814,0.335413143866,34.308036393,39.8405200147,0.32991603123,77.7352481931
42.5847834682,11.7096734983,91.4911782346,0.645686294814,0.335413143866,69.9829263003,39.8405200147,0.32991603123,77.8493176996
42.5847834682,11.7096734983,91.4911782346,0.645686294814,0.335413143866,69.9829263003,9.32184411712,0.32991603123,77.290835328
42.5847834682,11.7096734983,91.4911782346,0.645686294814,0.335413143866,69.9829263003,9.32184411712,0.964208240673,74.9985329741
67.8365870834,11.7096734983,91.4911782346,0.645686294814,0.335413143866,69.9829263003,9.32184411712,0.964208240673,76.6981503479
67.8365870834,47.000761689,91.4911782346,0.645686294814,0.335413143866,69.9829263003,9.32184411712,0.964208240673,78.5629949022
67.8365870834,47.000761689,144.244770022,0.645686294814,0.335413143866,69.9829263003,9.32184411712,0.964208240673,77.1878466301
67.8365870834,47.000761689,144.244770022,0.54352205748,0.335413143866,69.9829263003,9.32184411712,0.964208240673,78.0871350053
67.8365870834,47.000761689,144.244770022,0.54352205748,0.0736860764675,69.9829263003,9.32184411712,0.964208240673,78.5120253361
67.8365870834,47.000761689,144.244770022,0.54352205748,0.0736860764675,14.5789926936,9.32184411712,0.964208240673,79.9320418166
67.8365870834,47.000761689,144.244770022,0.54352205748,0.0736860764675,14.5789926936,82.9394880949,0.964208240673,78.5867848121
67.8365870834,47.000761689,144.244770022,0.54352205748,0.0736860764675,14.5789926936,82.9394880949,0.84975414104,78.8196650119
